No.,Time,Source,Source port,Destination,Destination port,Protocol,Length,Info,Date time
1,422076.070549,10.42.0.49,61389.0,54.216.1.110,443.0,TLSv1.2,539,Application Data,0.11171
2,1142260.703525,10.42.0.49,61395.0,99.81.71.200,443.0,TLSv1.2,539,Application Data,0.12343
3,238904.494649,10.42.0.13,59684.0,10.42.0.49,52432.0,TCP,54,59468  >  52432 [ACK] Seq=496 Ack=1781 Win=65535 Len=0,0.003157
4,355631.355411,10.42.0.49,61388.0,54.216.1.110,443.0,TCP,54,61388  >  443 [ACK] Seq=13077 Ack=100071 Win=5111 Len=0,0.007848
5,423003.404626,10.42.0.13,62728.0,10.42.0.49,52432.0,TCP,54,62727  >  52432 [ACK] Seq=496 Ack=1344 Win=65535 Len=0,0.003265
6,1183202.28829,10.42.0.13,59185.0,10.42.0.49,52432.0,TCP,54,58270  >  52432 [ACK] Seq=163 Ack=221 Win=65535 Len=0,0.004648
7,237087.174185,10.42.0.49,52432.0,10.42.0.13,59470.0,HTTP,135,HTTP/1.1 200 OK  (application/pairing+tlv8),0.049494
8,405043.835335,10.42.0.13,51465.0,10.42.0.49,80.0,TCP,54,51436  >  80 [ACK] Seq=1 Ack=1 Win=65535 Len=0,0.000105
9,1183202.621991,10.42.0.13,5353.0,10.42.0.49,5353.0,MDNS,87,"Standard query 0x0000 TXT MSS210-9f39._hap._tcp.local, ""QU"" question",0.001015
10,1176255.508594,10.42.0.49,5353.0,10.42.0.13,5353.0,MDNS,174,"Standard query response 0x0000 TXT MSS210-9f39._hap._tcp.local, ""QU"" question TXT",0.004263
11,351024.903863,10.42.0.13,51363.0,10.42.0.28,80.0,TCP,54,51350  >  80 [ACK] Seq=483 Ack=103 Win=65535 Len=0,0.000113
12,428601.026039,10.42.0.13,64443.0,10.42.0.49,52432.0,TCP,54,62461  >  52432 [ACK] Seq=496 Ack=1781 Win=65535 Len=0,0.001084
13,355633.419561,10.42.0.13,61830.0,10.42.0.49,52432.0,TCP,54,61838  >  52432 [ACK] Seq=497 Ack=1782 Win=65535 Len=0,0.000159
14,1166692.120726,10.42.0.49,61395.0,99.81.71.200,443.0,TLSv1.2,539,Application Data,0.022569
15,1136732.770056,10.42.0.49,61395.0,99.81.71.200,443.0,TCP,54,61395  >  443 [ACK] Seq=28680 Ack=22199 Win=5840 Len=0,0.112679
16,1138202.888968,10.42.0.49,52432.0,10.42.0.13,50990.0,TCP,54,52432  >  50949 [ACK] Seq=1 Ack=163 Win=5678 Len=0,0.106796
17,255900.17927,10.42.0.49,61386.0,54.216.1.110,443.0,TCP,54,61386  >  443 [ACK] Seq=176112 Ack=7807 Win=5840 Len=0,0.108148
18,351024.611465,10.42.0.28,80.0,10.42.0.13,51368.0,TCP,54,80  >  51382 [ACK] Seq=1 Ack=483 Win=2438 Len=0,0.002282
19,1170584.645287,10.42.0.49,5353.0,224.0.0.251,5353.0,MDNS,291,"Standard query response 0x0000 TXT, cache flush SRV, cache flush 0 0 52432 Meross_Smart_Plug.local A, cache flush 10.42.0.49 AAA",
20,351019.713129,10.42.0.13,51387.0,10.42.0.28,80.0,TCP,54,51398  >  80 [ACK] Seq=1 Ack=1 Win=65535 Len=0,0.001015
21,351024.803217,10.42.0.13,51383.0,10.42.0.28,80.0,TCP,54,51387  >  80 [ACK] Seq=483 Ack=103 Win=65535 Len=0,0.000101
22,1182027.613016,10.42.0.49,5353.0,10.42.0.13,5353.0,MDNS,174,"Standard query response 0x0000 TXT MSS210-9f39._hap._tcp.local, ""QU"" question TXT",0.000855
23,1162567.03304,10.42.0.49,61395.0,99.81.71.200,443.0,TLSv1.2,539,Application Data,0.102541
24,255907.416192,10.42.0.13,52778.0,10.42.0.28,80.0,TCP,54,52732  >  80 [ACK] Seq=482 Ack=102 Win=65535 Len=0,0.000102
25,351008.423555,10.42.0.13,51363.0,10.42.0.28,80.0,TCP,54,51351  >  80 [ACK] Seq=1 Ack=1 Win=65535 Len=0,0.004105
26,1171360.95399,10.42.0.13,50755.0,10.42.0.49,52432.0,TCP,54,50555  >  52432 [ACK] Seq=163 Ack=221 Win=65535 Len=0,0.003339
27,1150941.758866,10.42.0.49,52432.0,10.42.0.13,50535.0,TCP,54,"52432  >  50530 [FIN, ACK] Seq=1781 Ack=497 Win=5344 Len=0",0.001127
28,351019.658898,10.42.0.13,51364.0,10.42.0.28,80.0,TCP,54,51341  >  80 [ACK] Seq=515 Ack=104 Win=65535 Len=0,0.000105
29,1154770.923697,10.42.0.49,61395.0,99.81.71.200,443.0,TLSv1.2,555,Application Data,0.108298
30,324132.60701,10.42.0.49,5353.0,10.42.0.13,5353.0,MDNS,174,"Standard query response 0x0000 TXT MSS210-9f39._hap._tcp.local, ""QU"" question TXT",0.002422
31,255908.073992,10.42.0.13,52747.0,10.42.0.28,80.0,TCP,54,52749  >  80 [ACK] Seq=482 Ack=102 Win=65535 Len=0,0.000105
32,1155838.36894,10.42.0.49,52432.0,10.42.0.13,50538.0,TCP,54,52432  >  50538 [ACK] Seq=1 Ack=163 Win=5678 Len=0,0.101884
33,373203.553317,10.42.0.28,55988.0,34.241.185.170,443.0,TLSv1.2,123,Application Data,0.015342
34,1182027.844228,10.42.0.13,59181.0,10.42.0.49,52432.0,TCP,54,51064  >  52432 [ACK] Seq=414 Ack=302 Win=65535 Len=0,0.001766
35,351024.089965,10.42.0.28,80.0,10.42.0.13,51342.0,TCP,54,80  >  51369 [ACK] Seq=1 Ack=482 Win=2439 Len=0,0.001332
36,351015.60775,10.42.0.28,80.0,10.42.0.13,51365.0,TCP,58,"80  >  51365 [SYN, ACK] Seq=0 Ack=1 Win=2920 Len=0 MSS=1460",0.001017
37,1132277.340123,10.42.0.13,50329.0,10.42.0.49,52432.0,TCP,54,50325  >  52432 [ACK] Seq=496 Ack=1781 Win=65535 Len=0,0.002316
38,1132277.983313,10.42.0.49,61395.0,99.81.71.200,443.0,TCP,54,61395  >  443 [ACK] Seq=32332 Ack=202148 Win=5702 Len=0,0.231293
39,356972.463532,10.42.0.49,5353.0,10.42.0.13,5353.0,MDNS,174,"Standard query response 0x0000 TXT MSS210-9f39._hap._tcp.local, ""QU"" question TXT",0.001128
40,1156125.858862,10.42.0.49,61395.0,99.81.71.200,443.0,TLSv1.2,539,Application Data,0.109876
41,417684.66943,10.42.0.49,52432.0,10.42.0.13,62541.0,TCP,54,[TCP Keep-Alive ACK] 52432  >  62702 [ACK] Seq=1781 Ack=496 Win=5345 Len=0,0.0002
42,1150929.058891,10.42.0.49,52432.0,10.42.0.13,50581.0,HTTP,135,HTTP/1.1 200 OK  (application/pairing+tlv8),0.043311
43,1132277.413236,10.42.0.49,5353.0,10.42.0.13,5353.0,MDNS,174,"Standard query response 0x0000 TXT MSS210-9f39._hap._tcp.local, ""QU"" question TXT",0.000227
44,1158388.466521,10.42.0.49,61395.0,99.81.71.200,443.0,TLSv1.2,123,Application Data,2.123539
45,350431.406001,10.42.0.13,51387.0,10.42.0.28,80.0,TCP,54,51381  >  80 [ACK] Seq=483 Ack=103 Win=65535 Len=0,0.000105
46,351019.046514,10.42.0.28,80.0,10.42.0.13,51378.0,TCP,54,80  >  51364 [ACK] Seq=1 Ack=515 Win=2406 Len=0,0.000263
47,351019.586134,10.42.0.28,80.0,10.42.0.13,51373.0,TCP,54,80  >  51363 [ACK] Seq=1 Ack=483 Win=2438 Len=0,0.002535
48,1132276.785548,10.42.0.49,61395.0,99.81.71.200,443.0,TCP,54,61395  >  443 [ACK] Seq=15367 Ack=27566 Win=4580 Len=0,0.120724
49,1156862.12582,10.42.0.49,52432.0,10.42.0.13,50550.0,TCP,54,52432  >  50506 [ACK] Seq=1781 Ack=497 Win=5344 Len=0,0.000222
50,1177456.987876,10.42.0.49,52432.0,10.42.0.13,50812.0,TCP,54,52432  >  50856 [ACK] Seq=1781 Ack=497 Win=5344 Len=0,0.000504
51,1182029.464899,10.42.0.13,50527.0,10.42.0.49,52432.0,TCP,54,50948  >  52432 [ACK] Seq=1 Ack=1 Win=65535 Len=0,0.002558
52,1154100.621082,10.42.0.49,52432.0,10.42.0.13,50555.0,TCP,54,52432  >  50530 [ACK] Seq=1781 Ack=497 Win=5344 Len=0,0.000151
53,1158250.887089,10.42.0.49,52432.0,10.42.0.13,50594.0,TCP,54,52432  >  50533 [ACK] Seq=1 Ack=163 Win=5678 Len=0,0.100104
54,1150941.670946,10.42.0.13,50552.0,10.42.0.49,52432.0,TCP,54,50552  >  52432 [ACK] Seq=163 Ack=221 Win=65535 Len=0,0.000182
55,1139738.05509,10.42.0.13,50509.0,10.42.0.49,52432.0,TCP,54,50555  >  52432 [ACK] Seq=163 Ack=221 Win=65535 Len=0,0.000165
56,350988.083599,10.42.0.13,51349.0,10.42.0.28,80.0,TCP,54,51363  >  80 [ACK] Seq=1 Ack=1 Win=65535 Len=0,0.001015
57,1132277.586049,10.42.0.13,50328.0,10.42.0.49,52432.0,TCP,54,50829  >  52432 [ACK] Seq=496 Ack=1344 Win=65535 Len=0,0.003114
58,351019.861098,10.42.0.13,51387.0,10.42.0.28,80.0,TCP,54,51389  >  80 [ACK] Seq=1 Ack=1 Win=65535 Len=0,0.000215
59,351015.410836,10.42.0.13,51383.0,10.42.0.28,80.0,TCP,54,51353  >  80 [ACK] Seq=1 Ack=1 Win=65535 Len=0,0.002423
60,1149417.926657,10.42.0.13,50505.0,10.42.0.49,52432.0,TCP,54,50505  >  52432 [ACK] Seq=496 Ack=1781 Win=65535 Len=0,0.000142
61,1132277.477471,10.42.0.49,61395.0,99.81.71.200,443.0,TLSv1.2,555,Application Data,0.008342
62,355631.103536,10.42.0.49,52432.0,10.42.0.13,61827.0,TCP,54,52432  >  61832 [ACK] Seq=1 Ack=163 Win=5678 Len=0,0.001351
63,1178007.528346,10.42.0.49,52432.0,10.42.0.13,50868.0,HTTP,491,Continuation,0.001365
64,316232.245749,10.42.0.49,52432.0,10.42.0.13,60922.0,TCP,54,"52432  >  62049 [FIN, ACK] Seq=1781 Ack=497 Win=5344 Len=0",0.000291
65,428600.337624,10.42.0.13,64443.0,10.42.0.49,52432.0,TCP,54,62393  >  52432 [ACK] Seq=1 Ack=1 Win=65535 Len=0,0.003995
66,1167477.522082,10.42.0.49,61395.0,99.81.71.200,443.0,TCP,54,61395  >  443 [ACK] Seq=20168 Ack=27997 Win=4584 Len=0,0.098292
67,350989.908386,10.42.0.13,51704.0,10.42.0.28,80.0,TCP,54,51381  >  80 [ACK] Seq=1 Ack=1 Win=65535 Len=0,0.00105
68,1147178.938726,10.42.0.49,5353.0,10.42.0.13,5353.0,MDNS,174,"Standard query response 0x0000 TXT MSS210-9f39._hap._tcp.local, ""QU"" question TXT",0.002452
69,1132277.827053,10.42.0.13,50329.0,10.42.0.28,80.0,TCP,54,50329  >  80 [ACK] Seq=483 Ack=103 Win=65535 Len=0,0.000111
70,1141817.866633,10.42.0.49,52432.0,10.42.0.13,50705.0,HTTP,135,HTTP/1.1 200 OK  (application/pairing+tlv8),0.048701
71,350988.964743,10.42.0.13,51353.0,10.42.0.28,80.0,TCP,54,51383  >  80 [ACK] Seq=483 Ack=103 Win=65535 Len=0,0.000105
72,351019.649825,10.42.0.13,51387.0,10.42.0.28,80.0,TCP,54,51394  >  80 [ACK] Seq=1 Ack=1 Win=65535 Len=0,0.006405
73,351024.909035,10.42.0.28,80.0,10.42.0.13,51363.0,TCP,58,"80  >  51383 [SYN, ACK] Seq=0 Ack=1 Win=2920 Len=0 MSS=1460",0.001027
74,1152142.30476,10.42.0.49,52432.0,10.42.0.13,50531.0,HTTP,491,Continuation,0.001453
75,255907.32625,10.42.0.13,52768.0,10.42.0.28,80.0,TCP,54,52743  >  80 [ACK] Seq=482 Ack=103 Win=65535 Len=0,0.000249
76,1132277.507785,10.42.0.13,65056.0,10.42.0.49,52432.0,TCP,54,50552  >  52432 [ACK] Seq=496 Ack=1781 Win=65535 Len=0,0.000234
77,1166077.413415,10.42.0.49,52432.0,10.42.0.13,50618.0,TCP,54,[TCP Keep-Alive ACK] 52432  >  50310 [ACK] Seq=1781 Ack=496 Win=5345 Len=0,0.00
78,1148587.868633,10.42.0.49,5353.0,10.42.0.13,5353.0,MDNS,174,"Standard query response 0x0000 TXT MSS210-9f39._hap._tcp.local, ""QU"" question TXT",0.000537
79,1170355.704748,10.42.0.49,52432.0,10.42.0.13,50705.0,HTTP,274,HTTP/1.1 200 OK  (application/pairing+tlv8),0.049486
80,355633.068957,10.42.0.49,5353.0,10.42.0.13,5353.0,MDNS,174,"Standard query response 0x0000 TXT MSS210-9f39._hap._tcp.local, ""QU"" question TXT",0.000548
81,351024.626029,10.42.0.13,59498.0,10.42.0.49,52432.0,TCP,54,59489  >  52432 [ACK] Seq=497 Ack=1782 Win=65535 Len=0,0.003904
82,1148636.045886,10.42.0.49,5353.0,224.0.0.251,5353.0,MDNS,305,"Standard query response 0x0000 PTR MSS210-9f39._hap._tcp.local SRV, cache flush 0 0 52432 Meross_Smart_Plug.local TXT, cache flush A",
83,377114.443016,10.42.0.49,5353.0,10.42.0.13,5353.0,MDNS,174,"Standard query response 0x0000 TXT MSS210-9f39._hap._tcp.local, ""QU"" question TXT",0.000537
84,350988.101455,10.42.0.13,51387.0,10.42.0.28,80.0,TCP,54,51385  >  80 [ACK] Seq=1 Ack=1 Win=65535 Len=0,0.001015
85,1153583.657523,10.42.0.49,52432.0,10.42.0.13,50581.0,TCP,54,"52432  >  50553 [FIN, ACK] Seq=1781 Ack=497 Win=5344 Len=0",0.003883
86,234292.487353,10.42.0.13,50746.0,10.42.0.49,52432.0,TCP,54,59466  >  52432 [ACK] Seq=496 Ack=1344 Win=65535 Len=0,0.003165
87,1174217.515127,10.42.0.49,61395.0,99.81.71.200,443.0,TLSv1.2,539,Application Data,0.106084
88,351019.456852,10.42.0.13,51354.0,10.42.0.28,80.0,TCP,54,51354  >  80 [ACK] Seq=1 Ack=1 Win=65535 Len=0,0.004515
89,1131122.515556,10.42.0.49,5353.0,10.42.0.13,5353.0,MDNS,174,"Standard query response 0x0000 TXT MSS210-9f39._hap._tcp.local, ""QU"" question TXT",0.008768
90,1132280.76003,10.42.0.49,52432.0,10.42.0.13,50333.0,TCP,54,52432  >  50310 [ACK] Seq=1781 Ack=497 Win=5344 Len=0,0.001587
91,1144781.770428,10.42.0.49,52432.0,10.42.0.13,50491.0,TCP,54,52432  >  50864 [ACK] Seq=1781 Ack=497 Win=5344 Len=0,0.000249
92,1163933.517861,10.42.0.49,61395.0,99.81.71.200,443.0,TLSv1.2,539,Application Data,0.035988
93,1178006.149438,10.42.0.49,5353.0,10.42.0.13,5353.0,MDNS,174,"Standard query response 0x0000 TXT MSS210-9f39._hap._tcp.local, ""QU"" question TXT",0.001175
94,1149066.114695,10.42.0.49,5353.0,10.42.0.13,5353.0,MDNS,174,"Standard query response 0x0000 TXT MSS210-9f39._hap._tcp.local, ""QU"" question TXT",0.007251
95,350492.056418,10.42.0.13,51341.0,10.42.0.28,80.0,TCP,54,51341  >  80 [ACK] Seq=1 Ack=1 Win=65535 Len=0,0.000108
96,1132277.402241,10.42.0.13,50327.0,10.42.0.49,52432.0,TCP,54,50326  >  52432 [ACK] Seq=496 Ack=1344 Win=65535 Len=0,0.006962
97,1138202.717761,10.42.0.49,61395.0,99.81.71.200,443.0,TCP,54,61395  >  443 [ACK] Seq=3452 Ack=2 Ack=1999 Win=5702 Len=0,0.208141
98,1148774.863128,10.42.0.49,52432.0,10.42.0.13,50623.0,HTTP,135,HTTP/1.1 200 OK  (application/pairing+tlv8),0.044662
99,1171120.758783,10.42.0.49,52432.0,10.42.0.13,50815.0,TCP,54,52432  >  50832 [ACK] Seq=1 Ack=163 Win=5678 Len=0,0.002894
100,351019.824861,10.42.0.13,51387.0,10.42.0.28,80.0,TCP,54,51381  >  80 [ACK] Seq=1 Ack=1 Win=65535 Len=0,0.000105
101,1174209.436661,10.42.0.13,50752.0,10.42.0.49,52432.0,TCP,54,50762  >  52432 [ACK] Seq=414 Ack=302 Win=65535 Len=0,0.003266
102,351019.646161,10.42.0.28,55988.0,34.241.185.170,443.0,TCP,54,55988  >  443 [ACK] Seq=31198 Ack=1880 Win=2020 Len=0,0.119897
103,1182038.020749,10.42.0.49,61395.0,99.81.71.200,443.0,TLSv1.2,123,Application Data,19.73543
104,1171296.157066,10.42.0.49,61395.0,99.81.71.200,443.0,TLSv1.2,555,Application Data,0.10183
105,351019.905436,10.42.0.28,80.0,10.42.0.13,51367.0,TCP,58,"80  >  51391 [SYN, ACK] Seq=0 Ack=1 Win=2920 Len=0 MSS=1460",0.00101
106,422072.40485,10.42.0.13,62601.0,10.42.0.49,52432.0,TCP,54,62601  >  52432 [ACK] Seq=496 Ack=1781 Win=65535 Len=0,0.003853
107,1143487.733572,10.42.0.49,61395.0,99.81.71.200,443.0,TLSv1.2,123,Application Data,59.25459
108,351008.361189,10.42.0.28,80.0,10.42.0.13,51382.0,TCP,54,80  >  51383 [ACK] Seq=1 Ack=483 Win=2438 Len=0,0.001013
109,248732.725225,10.42.0.13,59353.0,10.42.0.49,52432.0,TCP,54,59432  >  52432 [ACK] Seq=496 Ack=1344 Win=65535 Len=0,0.006765
110,1136430.930332,10.42.0.49,52432.0,10.42.0.13,50324.0,HTTP,135,HTTP/1.1 200 OK  (application/pairing+tlv8),0.042012
111,324295.402672,10.42.0.49,5353.0,10.42.0.13,5353.0,MDNS,174,"Standard query response 0x0000 TXT MSS210-9f39._hap._tcp.local, ""QU"" question TXT",0.007476
112,1162426.420552,10.42.0.13,50552.0,10.42.0.49,52432.0,TCP,54,50552  >  52432 [ACK] Seq=496 Ack=1781 Win=65535 Len=0,0.007357
113,1160707.95747,10.42.0.49,52432.0,10.42.0.13,50824.0,TCP,54,52432  >  50532 [ACK] Seq=1 Ack=163 Win=5678 Len=0,0.002485
114,419377.404279,10.42.0.49,52432.0,10.42.0.13,62581.0,HTTP,1096,Continuation,0.006829
115,1155570.49471,10.42.0.13,50550.0,10.42.0.49,52432.0,TCP,54,50555  >  52432 [ACK] Seq=496 Ack=1344 Win=65535 Len=0,0.003245
116,1162131.689726,10.42.0.49,52432.0,10.42.0.13,50703.0,TCP,54,52432  >  50602 [ACK] Seq=1 Ack=163 Win=5678 Len=0,0.002175
117,240085.419167,10.42.0.28,80.0,10.42.0.13,51294.0,TCP,54,80  >  51414 [ACK] Seq=1 Ack=483 Win=2438 Len=0,0.002171
118,1150127.691978,10.42.0.13,50555.0,10.42.0.49,52432.0,TCP,54,50559  >  52432 [ACK] Seq=414 Ack=302 Win=65535 Len=0,0.000151
119,1170927.411068,10.42.0.13,50752.0,10.42.0.49,52432.0,TCP,54,50750  >  52432 [ACK] Seq=163 Ack=221 Win=65535 Len=0,0.002256
120,1171345.572175,10.42.0.49,61395.0,99.81.71.200,443.0,TLSv1.2,555,Application Data,0.100805
121,350983.405553,10.42.0.13,51353.0,10.42.0.28,80.0,TCP,54,51353  >  80 [ACK] Seq=1 Ack=1 Win=65535 Len=0,0.00405
122,1164531.647146,10.42.0.49,52432.0,10.42.0.13,50506.0,HTTP,135,HTTP/1.1 200 OK  (application/pairing+tlv8),0.041526
123,375298.00651,10.42.0.13,5353.0,10.42.0.49,5353.0,MDNS,87,"Standard query 0x0000 TXT MSS210-9f39._hap._tcp.local, ""QU"" question",0.110763
124,1148063.657812,10.42.0.49,52432.0,10.42.0.13,50683.0,TCP,54,52432  >  50532 [ACK] Seq=1 Ack=163 Win=5678 Len=0,0.101549
125,248731.477886,10.42.0.49,5353.0,10.42.0.13,5353.0,MDNS,174,"Standard query response 0x0000 TXT MSS210-9f39._hap._tcp.local, ""QU"" question TXT",0.000678
126,351008.049865,10.42.0.13,51381.0,10.42.0.28,80.0,TCP,54,51341  >  80 [ACK] Seq=1 Ack=1 Win=65535 Len=0,0.004685
127,351019.631964,10.42.0.49,52432.0,10.42.0.13,61878.0,HTTP,1096,Continuation,0.007881
128,1132277.483327,10.42.0.49,61395.0,99.81.71.200,443.0,TCP,54,61395  >  443 [ACK] Seq=24149 Ack=30397 Win=5202 Len=0,0.000422
129,1156066.299725,10.42.0.49,61395.0,99.81.71.200,443.0,TLSv1.2,539,Application Data,0.137177
130,1155340.66439,10.42.0.49,5353.0,10.42.0.13,5353.0,MDNS,174,"Standard query response 0x0000 TXT MSS210-9f39._hap._tcp.local, ""QU"" question TXT",0.000926
131,1158388.620645,10.42.0.13,50555.0,10.42.0.49,52432.0,TCP,54,50552  >  52432 [ACK] Seq=496 Ack=1781 Win=65535 Len=0,0.003111
132,1151275.828375,10.42.0.49,52432.0,10.42.0.13,50583.0,HTTP,1096,Continuation,0.005308
133,350989.112549,10.42.0.13,51387.0,10.42.0.28,80.0,TCP,54,51389  >  80 [ACK] Seq=1 Ack=1 Win=65535 Len=0,0.004017
134,1149170.562255,10.42.0.49,52432.0,10.42.0.13,50578.0,TCP,54,52432  >  50532 [ACK] Seq=1781 Ack=497 Win=5344 Len=0,0.000817
135,1170578.599095,10.42.0.49,52432.0,10.42.0.13,50557.0,TCP,54,52432  >  50557 [ACK] Seq=1781 Ack=497 Win=5344 Len=0,0.003478
136,1153820.906458,10.42.0.13,50557.0,10.42.0.49,52432.0,TCP,54,50555  >  52432 [ACK] Seq=163 Ack=221 Win=65535 Len=0,0.003592
137,1178006.077785,10.42.0.49,52432.0,10.42.0.13,50705.0,TCP,54,52432  >  50830 [ACK] Seq=1 Ack=163 Win=5678 Len=0,0.002587
138,376636.768236,10.42.0.49,61388.0,54.216.1.110,443.0,TLSv1.2,555,Application Data,0.109824
139,1174745.977872,10.42.0.49,61395.0,99.81.71.200,443.0,TLSv1.2,123,Application Data,31.729645
140,1153414.71526,10.42.0.49,52432.0,10.42.0.13,50540.0,TCP,54,52432  >  50505 [ACK] Seq=1781 Ack=497 Win=5344 Len=0,0.000155
141,1132277.48063,10.42.0.49,61395.0,99.81.71.200,443.0,TCP,54,61395  >  443 [ACK] Seq=108923 Ack=19799 Win=4520 Len=0,0.209438
142,1157125.454832,10.42.0.49,5353.0,10.42.0.13,5353.0,MDNS,270,"Standard query response 0x0000 PTR _hap._tcp.local, ""QU"" question PTR MSS210-9f39._hap._tcp.local SRV 0 0 52432 Meross_Smart_Pl",
143,1176192.87338,10.42.0.49,52432.0,10.42.0.13,50881.0,TCP,54,52432  >  50868 [ACK] Seq=1781 Ack=497 Win=5344 Len=0,0.000158
144,1138932.196015,10.42.0.49,61395.0,99.81.71.200,443.0,TCP,54,61395  >  443 [ACK] Seq=30378 Ack=22198 Win=5702 Len=0,0.14475
145,1178007.650885,10.42.0.49,52432.0,10.42.0.13,50855.0,TCP,54,52432  >  50530 [ACK] Seq=1 Ack=163 Win=5678 Len=0,0.001011
146,1164569.095969,10.42.0.49,5353.0,224.0.0.251,5353.0,MDNS,291,"Standard query response 0x0000 TXT, cache flush SRV, cache flush 0 0 52432 Meross_Smart_Plug.local A, cache flush 10.42.0.49 AAA",
147,1145626.136051,10.42.0.49,61395.0,99.81.71.200,443.0,TCP,54,61395  >  443 [ACK] Seq=25146 Ack=306535 Win=5202 Len=0,0.111119
148,1182027.046094,10.42.0.13,59179.0,10.42.0.49,52432.0,TCP,54,50949  >  52432 [ACK] Seq=163 Ack=221 Win=65535 Len=0,0.003475
149,315228.419979,10.42.0.13,59432.0,10.42.0.28,80.0,TCP,54,59432  >  80 [ACK] Seq=483 Ack=103 Win=65535 Len=0,0.000104
150,422073.503265,10.42.0.49,52432.0,10.42.0.13,62714.0,TCP,54,52432  >  62720 [ACK] Seq=1781 Ack=497 Win=5344 Len=0,0.000176
151,1176170.855119,10.42.0.49,52432.0,10.42.0.13,50718.0,TCP,54,52432  >  50525 [ACK] Seq=1 Ack=163 Win=5678 Len=0,0.003899
152,1147426.803619,10.42.0.49,52432.0,10.42.0.13,50702.0,HTTP,135,HTTP/1.1 200 OK  (application/pairing+tlv8),0.048125
153,1141874.652764,10.42.0.49,52432.0,10.42.0.13,50811.0,TCP,54,52432  >  50814 [ACK] Seq=1 Ack=163 Win=5678 Len=0,0.003314
154,1171338.955146,10.42.0.49,52432.0,10.42.0.13,50494.0,TCP,54,52432  >  50404 [ACK] Seq=1781 Ack=497 Win=5344 Len=0,0.003527
155,264553.458524,10.42.0.13,59827.0,10.42.0.49,52432.0,TCP,54,59827  >  52432 [ACK] Seq=496 Ack=1781 Win=65535 Len=0,0.003943
156,1132277.710714,10.42.0.49,61395.0,99.81.71.200,443.0,TCP,54,61395  >  443 [ACK] Seq=32814 Ack=22178 Win=5849 Len=0,0.176759
157,1136325.597948,10.42.0.49,61395.0,99.81.71.200,443.0,TLSv1.2,123,Application Data,1.200571
158,1163639.026523,10.42.0.49,52432.0,10.42.0.13,50321.0,HTTP,135,HTTP/1.1 200 OK  (application/pairing+tlv8),0.047242
159,1174789.549355,10.42.0.49,5353.0,10.42.0.13,5353.0,MDNS,174,"Standard query response 0x0000 TXT MSS210-9f39._hap._tcp.local, ""QU"" question TXT",0.000672
160,351001.422941,10.42.0.13,51387.0,10.42.0.28,80.0,TCP,54,51361  >  80 [ACK] Seq=1 Ack=1 Win=65535 Len=0,0.004115
161,1132277.272778,10.42.0.13,65059.0,10.42.0.28,80.0,TCP,54,65050  >  80 [ACK] Seq=483 Ack=103 Win=65535 Len=0,0.002233
162,1162313.803341,10.42.0.49,52432.0,10.42.0.13,50341.0,HTTP,1096,Continuation,0.004224
163,249465.470968,10.42.0.49,52432.0,10.42.0.13,59682.0,HTTP,135,HTTP/1.1 200 OK  (application/pairing+tlv8),0.044577
164,1131327.531315,10.42.0.49,5353.0,10.42.0.13,5353.0,MDNS,174,"Standard query response 0x0000 TXT MSS210-9f39._hap._tcp.local, ""QU"" question TXT",0.008581
165,1162468.975258,10.42.0.13,50525.0,10.42.0.49,52432.0,TCP,54,50526  >  52432 [ACK] Seq=497 Ack=1782 Win=65535 Len=0,0.003252
166,1178006.068941,10.42.0.49,5353.0,10.42.0.13,5353.0,MDNS,174,"Standard query response 0x0000 TXT MSS210-9f39._hap._tcp.local, ""QU"" question TXT",0.010242
167,1143444.785568,10.42.0.49,5353.0,10.42.0.13,5353.0,MDNS,174,"Standard query response 0x0000 TXT MSS210-9f39._hap._tcp.local, ""QU"" question TXT",0.000876
168,1182027.977779,10.42.0.13,5353.0,10.42.0.49,5353.0,MDNS,87,"Standard query 0x0000 TXT MSS210-9f39._hap._tcp.local, ""QU"" question",0.028025
169,351019.708412,10.42.0.13,51387.0,10.42.0.28,80.0,TCP,54,51392  >  80 [ACK] Seq=1 Ack=1 Win=65535 Len=0,0.000104
170,1132276.870523,10.42.0.49,61395.0,99.81.71.200,443.0,TLSv1.2,539,Application Data,0.138524
171,1155555.30311,10.42.0.49,5353.0,10.42.0.13,5353.0,MDNS,174,"Standard query response 0x0000 TXT MSS210-9f39._hap._tcp.local, ""QU"" question TXT",0.000366
172,351015.414161,10.42.0.28,80.0,10.42.0.13,51366.0,TCP,54,80  >  51383 [ACK] Seq=1 Ack=515 Win=2406 Len=0,0.002538
173,351024.905098,10.42.0.28,80.0,10.42.0.13,51378.0,TCP,54,80  >  51348 [ACK] Seq=1 Ack=483 Win=2438 Len=0,0.002558
174,1132277.72041,10.42.0.49,61395.0,99.81.71.200,443.0,TLSv1.2,539,Application Data,0.101157
175,351024.910514,10.42.0.13,51387.0,10.42.0.28,80.0,TCP,54,51395  >  80 [ACK] Seq=1 Ack=1 Win=65535 Len=0,0.001011
176,1156938.830058,10.42.0.49,52432.0,10.42.0.13,50707.0,HTTP,135,HTTP/1.1 200 OK  (application/pairing+tlv8),0.044355
177,1146175.09237,10.42.0.49,5353.0,10.42.0.13,5353.0,MDNS,174,"Standard query response 0x0000 TXT MSS210-9f39._hap._tcp.local, ""QU"" question TXT",0.000247
178,1176926.292257,10.42.0.49,52432.0,10.42.0.13,50705.0,HTTP,1096,Continuation,0.006795
179,418617.77353,10.42.0.49,61389.0,54.216.1.110,443.0,TLSv1.2,555,Application Data,0.099087
180,1174269.552345,10.42.0.49,5353.0,224.0.0.251,5353.0,MDNS,305,"Standard query response 0x0000 PTR MSS210-9f39._hap._tcp.local SRV, cache flush 0 0 52432 Meross_Smart_Plug.local TXT, cache flush A",
181,1178006.192585,10.42.0.13,50957.0,10.42.0.49,52432.0,TCP,54,50552  >  52432 [ACK] Seq=496 Ack=1781 Win=65535 Len=0,0.000115
182,351024.947245,10.42.0.49,5353.0,10.42.0.13,5353.0,MDNS,174,"Standard query response 0x0000 TXT MSS210-9f39._hap._tcp.local, ""QU"" question TXT",0.007615
183,264556.693524,10.42.0.13,52329.0,10.42.0.28,80.0,TCP,54,52328  >  80 [ACK] Seq=482 Ack=102 Win=65535 Len=0,0.000105
184,375292.773153,10.42.0.49,5353.0,10.42.0.13,5353.0,MDNS,174,"Standard query response 0x0000 TXT MSS210-9f39._hap._tcp.local, ""QU"" question TXT",0.000496
185,1171129.429795,10.42.0.13,50755.0,10.42.0.49,52432.0,TCP,54,50559  >  52432 [ACK] Seq=496 Ack=1781 Win=65535 Len=0,0.001116
186,1178003.078309,10.42.0.49,5353.0,10.42.0.13,5353.0,MDNS,174,"Standard query response 0x0000 TXT MSS210-9f39._hap._tcp.local, ""QU"" question TXT",0.000552
187,255906.495538,10.42.0.13,52711.0,10.42.0.28,80.0,TCP,54,52741  >  80 [ACK] Seq=1 Ack=1 Win=65535 Len=0,0.004951
188,1174778.431878,10.42.0.49,52432.0,10.42.0.13,50885.0,HTTP,135,HTTP/1.1 200 OK  (application/pairing+tlv8),0.042028
189,1182027.998593,10.42.0.13,5353.0,10.42.0.49,5353.0,MDNS,87,"Standard query 0x0000 TXT MSS210-9f39._hap._tcp.local, ""QU"" question",0.001016
190,351019.019217,10.42.0.28,80.0,10.42.0.13,51368.0,TCP,54,80  >  51382 [ACK] Seq=1 Ack=483 Win=2438 Len=0,0.002394
191,1177817.705925,10.42.0.13,50855.0,10.42.0.49,52432.0,TCP,54,50555  >  52432 [ACK] Seq=163 Ack=221 Win=65535 Len=0,0.000753
192,1166893.646028,10.42.0.49,5353.0,10.42.0.13,5353.0,MDNS,174,"Standard query response 0x0000 TXT MSS210-9f39._hap._tcp.local, ""QU"" question TXT",0.000811
193,1141421.486952,10.42.0.49,5353.0,10.42.0.13,5353.0,MDNS,174,"Standard query response 0x0000 TXT MSS210-9f39._hap._tcp.local, ""QU"" question TXT",0.000636
194,351019.645467,10.42.0.13,51382.0,10.42.0.28,80.0,TCP,54,51365  >  80 [ACK] Seq=483 Ack=103 Win=65535 Len=0,0.000107
195,1157142.414662,10.42.0.49,52432.0,10.42.0.13,50505.0,TCP,54,52432  >  50505 [ACK] Seq=1781 Ack=497 Win=5344 Len=0,0.000325
196,259873.006353,10.42.0.13,52932.0,10.42.0.28,80.0,TCP,54,52912  >  80 [ACK] Seq=482 Ack=103 Win=65535 Len=0,0.000104
197,405043.73251,10.42.0.28,80.0,10.42.0.13,51428.0,TCP,54,80  >  51440 [ACK] Seq=1 Ack=5148 Win=2438 Len=0,0.002311
198,1181202.631125,10.42.0.13,50956.0,10.42.0.49,52432.0,TCP,54,50961  >  52432 [ACK] Seq=414 Ack=302 Win=65535 Len=0,0.000115
199,1150928.981678,10.42.0.13,50559.0,10.42.0.49,52432.0,TCP,54,50559  >  52432 [ACK] Seq=1 Ack=1 Win=65535 Len=0,0.000574
200,1157387.704248,10.42.0.49,61395.0,99.81.71.200,443.0,TLSv1.2,123,Application Data,17.60836
201,1131449.389495,10.42.0.49,52432.0,10.42.0.13,50532.0,HTTP,135,HTTP/1.1 200 OK  (application/pairing+tlv8),0.045457
202,350988.121557,10.42.0.13,61730.0,10.42.0.28,80.0,TCP,54,51367  >  80 [ACK] Seq=1 Ack=1 Win=65535 Len=0,0.000105
203,1141896.054732,10.42.0.49,5353.0,10.42.0.13,5353.0,MDNS,174,"Standard query response 0x0000 TXT MSS210-9f39._hap._tcp.local, ""QU"" question TXT",0.008815
204,1162453.007823,10.42.0.49,61395.0,99.81.71.200,443.0,TCP,54,61395  >  443 [ACK] Seq=22014 Ack=302068 Win=5771 Len=0,0.195256
205,416844.484481,10.42.0.49,52432.0,10.42.0.13,62581.0,TCP,54,52432  >  62472 [ACK] Seq=1 Ack=163 Win=5678 Len=0,0.002992
206,1156121.422273,10.42.0.49,52432.0,10.42.0.13,50491.0,TCP,54,52432  >  50554 [ACK] Seq=1 Ack=163 Win=5678 Len=0,0.001314
207,1171207.617737,10.42.0.49,61395.0,99.81.71.200,443.0,TLSv1.2,555,Application Data,0.101072
208,321988.83888,10.42.0.13,60864.0,10.42.0.49,52432.0,TCP,54,60948  >  52432 [ACK] Seq=496 Ack=1781 Win=65535 Len=0,0.003597
209,1163493.807366,10.42.0.49,52432.0,10.42.0.13,50333.0,HTTP,135,HTTP/1.1 200 OK  (application/pairing+tlv8),0.045203
210,419375.650914,10.42.0.49,61389.0,54.216.1.110,443.0,TLSv1.2,555,Application Data,0.109672
211,1170327.629995,10.42.0.13,50756.0,10.42.0.49,52432.0,TCP,54,50707  >  52432 [ACK] Seq=496 Ack=1781 Win=65535 Len=0,0.003654
212,1166839.63577,10.42.0.49,52432.0,10.42.0.13,50708.0,HTTP,1096,Continuation,0.006714
213,428731.266744,10.42.0.13,62912.0,10.42.0.49,52432.0,TCP,54,62626  >  52432 [ACK] Seq=497 Ack=1782 Win=65535 Len=0,0.004929
214,1166893.903419,10.42.0.49,61395.0,99.81.71.200,443.0,TLSv1.2,539,Application Data,0.017524
215,1152636.866259,10.42.0.49,61395.0,99.81.71.200,443.0,TLSv1.2,123,Application Data,3.225333
216,1161477.05452,10.42.0.49,52432.0,10.42.0.13,50552.0,TCP,54,52432  >  50532 [ACK] Seq=1781 Ack=497 Win=5344 Len=0,0.003632
217,1150942.570895,10.42.0.13,50552.0,10.42.0.49,52432.0,TCP,54,50555  >  52432 [ACK] Seq=163 Ack=221 Win=65535 Len=0,0.000116
218,1166739.113363,10.42.0.49,5353.0,10.42.0.13,5353.0,MDNS,174,"Standard query response 0x0000 TXT MSS210-9f39._hap._tcp.local, ""QU"" question TXT",0.000253
219,351064.059946,10.42.0.13,51387.0,10.42.0.28,80.0,TCP,54,51381  >  80 [ACK] Seq=483 Ack=103 Win=65535 Len=0,0.000101
220,356963.240904,10.42.0.49,5353.0,10.42.0.13,5353.0,MDNS,174,"Standard query response 0x0000 TXT MSS210-9f39._hap._tcp.local, ""QU"" question TXT",0.000256
221,1142180.697999,10.42.0.13,50552.0,10.42.0.49,52432.0,HTTP,305,POST /pair-verify HTTP/1.1  (application/pairing+tlv8),0.010143
222,321985.363415,10.42.0.13,60936.0,10.42.0.49,52432.0,TCP,54,60959  >  52432 [ACK] Seq=1 Ack=1 Win=65535 Len=0,0.003156
223,422076.053334,10.42.0.49,52432.0,10.42.0.13,62621.0,HTTP,1096,Continuation,0.007141
224,351024.858359,10.42.0.13,61387.0,10.42.0.49,52432.0,TCP,54,61828  >  52432 [ACK] Seq=1 Ack=1 Win=65535 Len=0,0.004242
225,1171121.569826,10.42.0.49,52432.0,10.42.0.13,50708.0,HTTP,1096,Continuation,0.007881
226,1132277.527197,10.42.0.13,65052.0,10.42.0.49,52432.0,TCP,54,50556  >  52432 [ACK] Seq=414 Ack=302 Win=65535 Len=0,0.003731
227,1170922.112381,10.42.0.49,52432.0,10.42.0.13,50702.0,TCP,54,52432  >  50532 [ACK] Seq=1 Ack=163 Win=5678 Len=0,0.001578
228,3751.08997,10.42.0.140,59888.0,10.42.0.49,80.0,TCP,54,59888  >  80 [ACK] Seq=583 Ack=489 Win=65535 Len=0,0.000106
229,1142831.410514,10.42.0.49,5353.0,10.42.0.13,5353.0,MDNS,174,"Standard query response 0x0000 TXT MSS210-9f39._hap._tcp.local, ""QU"" question TXT",0.005348
230,1146049.50679,10.42.0.49,52432.0,10.42.0.13,50525.0,TCP,54,52432  >  50532 [ACK] Seq=1 Ack=163 Win=5678 Len=0,0.002458
231,1166726.760074,10.42.0.49,61395.0,99.81.71.200,443.0,TLSv1.2,555,Application Data,0.100753
232,1166639.790017,10.42.0.49,61395.0,99.81.71.200,443.0,TLSv1.2,539,Application Data,0.099881
233,1132277.910261,10.42.0.49,61395.0,99.81.71.200,443.0,TCP,54,61395  >  443 [ACK] Seq=25012 Ack=41320 Win=5849 Len=0,0.113377
234,1134994.541395,10.42.0.49,5353.0,10.42.0.13,5353.0,MDNS,174,"Standard query response 0x0000 TXT MSS210-9f39._hap._tcp.local, ""QU"" question TXT",0.000765
235,423787.401572,10.42.0.49,5353.0,10.42.0.13,5353.0,MDNS,174,"Standard query response 0x0000 TXT MSS210-9f39._hap._tcp.local, ""QU"" question TXT",0.000997
236,412269.83851,10.42.0.49,52432.0,10.42.0.13,62470.0,HTTP,1096,Continuation,0.006714
237,1175554.888582,10.42.0.13,50572.0,10.42.0.49,52432.0,TCP,54,50556  >  52432 [ACK] Seq=496 Ack=1344 Win=65535 Len=0,0.006855
238,351063.441226,10.42.0.28,80.0,10.42.0.13,51363.0,TCP,54,80  >  51370 [ACK] Seq=1 Ack=483 Win=2439 Len=0,0.002119
239,1132277.687169,10.42.0.49,61395.0,99.81.71.200,443.0,TCP,54,61395  >  443 [ACK] Seq=24914 Ack=302039 Win=5202 Len=0,0.159777
240,1171217.070926,10.42.0.49,61395.0,99.81.71.200,443.0,TLSv1.2,555,Application Data,0.108342
241,1161239.040723,10.42.0.49,61395.0,99.81.71.200,443.0,TCP,54,61395  >  443 [ACK] Seq=25008 Ack=130799 Win=5249 Len=0,0.191765
242,350989.134119,10.42.0.13,51717.0,10.42.0.28,80.0,TCP,54,51392  >  80 [ACK] Seq=1 Ack=1 Win=65535 Len=0,0.000106
243,350988.148845,10.42.0.49,5353.0,10.42.0.13,5353.0,MDNS,174,"Standard query response 0x0000 TXT MSS210-9f39._hap._tcp.local, ""QU"" question TXT",0.007345
244,1158387.099328,10.42.0.49,61395.0,99.81.71.200,443.0,TLSv1.2,123,Application Data,13.725145
245,255908.136015,10.42.0.28,80.0,10.42.0.13,52746.0,TCP,58,"80  >  52776 [SYN, ACK] Seq=0 Ack=1 Win=2920 Len=0 MSS=1460",0.000123
246,1141040.070614,10.42.0.49,5353.0,10.42.0.13,5353.0,MDNS,174,"Standard query response 0x0000 TXT MSS210-9f39._hap._tcp.local, ""QU"" question TXT",0.010852
247,1166936.856149,10.42.0.49,61395.0,99.81.71.200,443.0,TLSv1.2,539,Application Data,0.161525
248,351019.402953,10.42.0.28,80.0,10.42.0.13,51364.0,TCP,54,80  >  51385 [ACK] Seq=1 Ack=483 Win=2438 Len=0,0.001871
249,354322.469532,10.42.0.49,5353.0,10.42.0.13,5353.0,MDNS,174,"Standard query response 0x0000 TXT MSS210-9f39._hap._tcp.local, ""QU"" question TXT",0.000358
250,1170336.454699,10.42.0.49,5353.0,224.0.0.251,5353.0,MDNS,305,"Standard query response 0x0000 PTR MSS210-9f39._hap._tcp.local SRV, cache flush 0 0 52432 Meross_Smart_Plug.local TXT, cache flush A",
251,351019.690227,10.42.0.28,80.0,10.42.0.13,51374.0,TCP,54,80  >  51370 [ACK] Seq=1 Ack=483 Win=2438 Len=0,0.002115
252,1176207.834976,10.42.0.49,5353.0,10.42.0.13,5353.0,MDNS,174,"Standard query response 0x0000 TXT MSS210-9f39._hap._tcp.local, ""QU"" question TXT",0.010563
253,1183842.03133,10.42.0.49,5353.0,10.42.0.13,5353.0,MDNS,174,"Standard query response 0x0000 TXT MSS210-9f39._hap._tcp.local, ""QU"" question TXT",0.001055
254,1175173.548965,10.42.0.13,50550.0,10.42.0.49,52432.0,TCP,54,50551  >  52432 [ACK] Seq=496 Ack=1781 Win=65535 Len=0,0.000102
255,1132277.272111,10.42.0.13,50315.0,10.42.0.49,52432.0,TCP,54,50313  >  52432 [ACK] Seq=496 Ack=1781 Win=65535 Len=0,0.000252
256,1170555.418666,10.42.0.49,5353.0,10.42.0.13,5353.0,MDNS,174,"Standard query response 0x0000 TXT MSS210-9f39._hap._tcp.local, ""QU"" question TXT",0.000278
257,1139935.32589,10.42.0.49,61395.0,99.81.71.200,443.0,TLSv1.2,539,Application Data,0.039656
258,1132280.774796,10.42.0.49,5353.0,10.42.0.13,5353.0,MDNS,174,"Standard query response 0x0000 TXT MSS210-9f39._hap._tcp.local, ""QU"" question TXT",0.002575
259,351008.535725,10.42.0.28,80.0,10.42.0.13,51387.0,TCP,54,80  >  51365 [ACK] Seq=1 Ack=483 Win=2438 Len=0,0.002512
260,1175958.132041,10.42.0.49,5353.0,10.42.0.13,5353.0,MDNS,174,"Standard query response 0x0000 TXT MSS210-9f39._hap._tcp.local, ""QU"" question TXT",0.010759
261,1155173.053299,10.42.0.49,61395.0,99.81.71.200,443.0,TCP,54,61395  >  443 [ACK] Seq=26868 Ack=112068 Win=5849 Len=0,0.232881
262,324132.126447,10.42.0.13,60928.0,10.42.0.49,52432.0,TCP,54,60928  >  52432 [ACK] Seq=496 Ack=1344 Win=65535 Len=0,0.000155
263,1156017.66212,10.42.0.49,61395.0,99.81.71.200,443.0,TLSv1.2,539,Application Data,0.107577
264,361939.265057,10.42.0.13,59508.0,10.42.0.49,52432.0,TCP,54,59852  >  52432 [ACK] Seq=497 Ack=1782 Win=65535 Len=0,0.003166
265,356964.339188,10.42.0.49,5353.0,10.42.0.13,5353.0,MDNS,174,"Standard query response 0x0000 TXT MSS210-9f39._hap._tcp.local, ""QU"" question TXT",0.000995
266,351019.905958,10.42.0.13,51383.0,10.42.0.28,80.0,TCP,54,51393  >  80 [ACK] Seq=1 Ack=1 Win=65535 Len=0,0.001013
267,422076.260091,10.42.0.13,64404.0,10.42.0.49,52432.0,TCP,54,62604  >  52432 [ACK] Seq=496 Ack=1781 Win=65535 Len=0,0.007516
268,1170923.786577,10.42.0.13,50817.0,10.42.0.49,52432.0,TCP,54,50756  >  52432 [ACK] Seq=163 Ack=221 Win=65535 Len=0,0.000111
269,1132277.367983,10.42.0.49,61395.0,99.81.71.200,443.0,TCP,54,61395  >  443 [ACK] Seq=323616 Ack=13030 Win=5840 Len=0,0.299523
270,1132277.480675,10.42.0.49,61395.0,99.81.71.200,443.0,TLSv1.2,539,Application Data,0.033343
271,1171338.599383,10.42.0.49,5353.0,224.0.0.251,5353.0,MDNS,291,"Standard query response 0x0000 TXT, cache flush SRV, cache flush 0 0 52432 Meross_Smart_Plug.local A, cache flush 10.42.0.49 AAA",
272,1132277.377771,10.42.0.49,61395.0,99.81.71.200,443.0,TCP,54,61395  >  443 [ACK] Seq=103477 Ack=110728 Win=4702 Len=0,0.232966
273,1146174.420663,10.42.0.49,52432.0,10.42.0.13,50505.0,TCP,54,52432  >  50505 [ACK] Seq=1 Ack=163 Win=5678 Len=0,0.003732
274,1132277.663929,10.42.0.49,61395.0,99.81.71.200,443.0,TLSv1.2,539,Application Data,0.125458
275,355633.58672,10.42.0.49,52432.0,10.42.0.13,61821.0,TCP,54,"52432  >  61836 [FIN, ACK] Seq=1781 Ack=497 Win=5344 Len=0",0.006731
276,1156075.102578,10.42.0.49,61395.0,99.81.71.200,443.0,TCP,54,61395  >  443 [ACK] Seq=10907 Ack=159408 Win=5111 Len=0,0.083225
277,1132277.277051,10.42.0.49,61395.0,99.81.71.200,443.0,TLSv1.2,555,Application Data,0.091012
278,1171129.477168,10.42.0.49,5353.0,10.42.0.13,5353.0,MDNS,174,"Standard query response 0x0000 TXT MSS210-9f39._hap._tcp.local, ""QU"" question TXT",0.010567
279,1155585.209766,10.42.0.13,50594.0,10.42.0.49,52432.0,TCP,54,50555  >  52432 [ACK] Seq=496 Ack=1781 Win=65535 Len=0,0.001593
280,324132.380186,10.42.0.49,5353.0,10.42.0.13,5353.0,MDNS,174,"Standard query response 0x0000 TXT MSS210-9f39._hap._tcp.local, ""QU"" question TXT",0.000978
281,1166231.532934,10.42.0.13,50504.0,10.42.0.49,52432.0,TCP,54,50541  >  52432 [ACK] Seq=496 Ack=1781 Win=65535 Len=0,0.003216
282,375292.911857,10.42.0.13,61957.0,10.42.0.49,52432.0,TCP,54,61971  >  52432 [ACK] Seq=163 Ack=221 Win=65535 Len=0,0.000796
283,1132277.52276,10.42.0.49,61395.0,99.81.71.200,443.0,TLSv1.2,123,Application Data,0.007683
284,1153490.455139,10.42.0.49,5353.0,10.42.0.13,5353.0,MDNS,174,"Standard query response 0x0000 TXT MSS210-9f39._hap._tcp.local, ""QU"" question TXT",0.000593
285,351024.603024,10.42.0.13,51349.0,10.42.0.28,80.0,TCP,54,51384  >  80 [ACK] Seq=514 Ack=103 Win=65535 Len=0,0.000105
286,350985.158675,10.42.0.28,80.0,10.42.0.13,51378.0,TCP,54,80  >  51383 [ACK] Seq=1 Ack=483 Win=2438 Len=0,0.002108
287,1174217.680288,10.42.0.49,52432.0,10.42.0.13,50705.0,HTTP,491,Continuation,0.004787
288,350988.485894,10.42.0.49,5353.0,10.42.0.13,5353.0,MDNS,174,"Standard query response 0x0000 TXT MSS210-9f39._hap._tcp.local, ""QU"" question TXT",0.006693
289,351024.641137,10.42.0.28,80.0,10.42.0.13,51371.0,TCP,54,80  >  51394 [ACK] Seq=1 Ack=515 Win=2406 Len=0,0.000104
290,422072.574297,10.42.0.49,61389.0,54.216.1.110,443.0,TCP,54,61389  >  443 [ACK] Seq=14914 Ack=30256 Win=5796 Len=0,0.120965
291,351024.98284,10.42.0.13,51388.0,10.42.0.49,52432.0,TCP,54,59432  >  52432 [ACK] Seq=163 Ack=221 Win=65535 Len=0,0.001133
292,1144565.96582,10.42.0.13,50504.0,10.42.0.49,52432.0,TCP,54,50541  >  52432 [ACK] Seq=497 Ack=1782 Win=65535 Len=0,0.004558
293,255907.295461,10.42.0.13,52732.0,10.42.0.28,80.0,TCP,54,52727  >  80 [ACK] Seq=482 Ack=102 Win=65535 Len=0,0.001578
294,1150947.124926,10.42.0.13,50526.0,10.42.0.49,52432.0,TCP,54,50552  >  52432 [ACK] Seq=496 Ack=1781 Win=65535 Len=0,0.001614
295,1161810.068578,10.42.0.49,5353.0,10.42.0.13,5353.0,MDNS,270,"Standard query response 0x0000 PTR _hap._tcp.local, ""QU"" question PTR MSS210-9f39._hap._tcp.local SRV 0 0 52432 Meross_Smart_Pl",
296,1132277.771888,10.42.0.13,50856.0,10.42.0.49,52432.0,TCP,54,50856  >  52432 [ACK] Seq=496 Ack=1344 Win=65535 Len=0,0.000198
297,351019.19212,10.42.0.28,80.0,10.42.0.13,51368.0,TCP,54,80  >  51383 [ACK] Seq=1 Ack=483 Win=2438 Len=0,0.002405
298,324254.056549,10.42.0.13,59432.0,10.42.0.49,52432.0,TCP,54,59483  >  52432 [ACK] Seq=1 Ack=1 Win=65535 Len=0,0.005959
299,1170995.068418,10.42.0.49,5353.0,10.42.0.13,5353.0,MDNS,174,"Standard query response 0x0000 TXT MSS210-9f39._hap._tcp.local, ""QU"" question TXT",0.000225
300,1170550.106068,10.42.0.49,5353.0,10.42.0.13,5353.0,MDNS,174,"Standard query response 0x0000 TXT MSS210-9f39._hap._tcp.local, ""QU"" question TXT",0.001118
301,1158384.62283,10.42.0.49,5353.0,10.42.0.13,5353.0,MDNS,174,"Standard query response 0x0000 TXT MSS210-9f39._hap._tcp.local, ""QU"" question TXT",0.000539
302,238903.610117,10.42.0.13,59187.0,10.42.0.49,52432.0,TCP,54,59381  >  52432 [ACK] Seq=497 Ack=1782 Win=65535 Len=0,0.000129
303,1141936.412352,10.42.0.49,52432.0,10.42.0.13,50560.0,HTTP,135,HTTP/1.1 200 OK  (application/pairing+tlv8),0.043442
304,246304.771292,10.42.0.13,59476.0,10.42.0.49,52432.0,TCP,54,59474  >  52432 [ACK] Seq=496 Ack=1781 Win=65535 Len=0,0.001641
305,1155830.905136,10.42.0.49,52432.0,10.42.0.13,50555.0,TCP,54,"52432  >  50555 [FIN, ACK] Seq=1781 Ack=497 Win=5344 Len=0",0.000111
306,1166973.452255,10.42.0.49,61395.0,99.81.71.200,443.0,TLSv1.2,539,Application Data,0.123415
307,350984.191589,10.42.0.49,52432.0,10.42.0.13,61881.0,HTTP,135,HTTP/1.1 200 OK  (application/pairing+tlv8),0.044677
308,324903.826047,10.42.0.13,50341.0,10.42.0.49,52432.0,TCP,54,59460  >  52432 [ACK] Seq=496 Ack=1344 Win=65535 Len=0,0.003318
309,351024.606921,10.42.0.13,51387.0,10.42.0.28,80.0,TCP,54,51389  >  80 [ACK] Seq=483 Ack=103 Win=65535 Len=0,0.000101
310,1163039.237438,10.42.0.49,5353.0,10.42.0.13,5353.0,MDNS,174,"Standard query response 0x0000 TXT MSS210-9f39._hap._tcp.local, ""QU"" question TXT",0.000225
311,427092.223935,10.42.0.49,52432.0,10.42.0.13,62754.0,TCP,54,52432  >  62755 [ACK] Seq=1 Ack=163 Win=5678 Len=0,0.003228
312,256234.617749,10.42.0.13,59806.0,10.42.0.49,52432.0,TCP,54,59874  >  52432 [ACK] Seq=496 Ack=1781 Win=65535 Len=0,0.003439
313,1178006.418977,10.42.0.49,5353.0,10.42.0.13,5353.0,MDNS,174,"Standard query response 0x0000 TXT MSS210-9f39._hap._tcp.local, ""QU"" question TXT",0.010762
314,1175490.194864,10.42.0.49,5353.0,10.42.0.13,5353.0,MDNS,174,"Standard query response 0x0000 TXT MSS210-9f39._hap._tcp.local, ""QU"" question TXT",0.000251
315,1132277.202322,10.42.0.49,61395.0,99.81.71.200,443.0,TCP,54,61395  >  443 [ACK] Seq=33197 Ack=1657 Win=5844 Len=0,0.171793
316,1170555.00639,10.42.0.49,5353.0,10.42.0.13,5353.0,MDNS,174,"Standard query response 0x0000 TXT MSS210-9f39._hap._tcp.local, ""QU"" question TXT",0.000627
317,1174778.47815,10.42.0.49,52432.0,10.42.0.13,50885.0,TCP,54,"52432  >  50850 [FIN, ACK] Seq=1781 Ack=497 Win=5344 Len=0",0.003227
318,351007.141996,10.42.0.28,80.0,10.42.0.13,51368.0,TCP,54,80  >  51385 [ACK] Seq=1 Ack=483 Win=2438 Len=0,0.002352
319,1145421.036829,10.42.0.49,61395.0,99.81.71.200,443.0,TLSv1.2,539,Application Data,0.09712
320,1132280.630643,10.42.0.13,50340.0,10.42.0.49,52432.0,TCP,54,50303  >  52432 [ACK] Seq=496 Ack=1781 Win=65535 Len=0,0.003434
321,377852.722856,10.42.0.13,61930.0,10.42.0.49,52432.0,TCP,54,61920  >  52432 [ACK] Seq=496 Ack=1781 Win=65535 Len=0,0.003342
322,1141862.125062,10.42.0.49,52432.0,10.42.0.13,50549.0,HTTP,1096,Continuation,0.00615
323,1165690.621099,10.42.0.49,61395.0,99.81.71.200,443.0,TLSv1.2,539,Application Data,0.001866
324,1176939.881832,10.42.0.49,52432.0,10.42.0.13,50703.0,HTTP,1096,Continuation,0.006674
325,1170363.619978,10.42.0.49,61395.0,99.81.71.200,443.0,TLSv1.2,555,Application Data,0.101188
326,1158363.06152,10.42.0.13,50552.0,10.42.0.49,52432.0,TCP,54,50555  >  52432 [ACK] Seq=496 Ack=1781 Win=65535 Len=0,0.000116
327,1182027.095253,10.42.0.13,50919.0,10.42.0.28,80.0,TCP,54,59196  >  80 [ACK] Seq=1 Ack=1 Win=65535 Len=0,0.000105
328,1174954.202472,10.42.0.13,50524.0,10.42.0.49,52432.0,TCP,54,50526  >  52432 [ACK] Seq=496 Ack=1344 Win=65535 Len=0,0.003114
329,423007.518638,10.42.0.49,52432.0,10.42.0.13,62381.0,HTTP,1096,Continuation,0.006858
330,1150942.052263,10.42.0.49,61395.0,99.81.71.200,443.0,TLSv1.2,539,Application Data,0.160517
331,1166933.130119,10.42.0.49,52432.0,10.42.0.13,50703.0,TCP,54,52432  >  50320 [ACK] Seq=1781 Ack=497 Win=5344 Len=0,0.000882
332,1152909.065588,10.42.0.13,50550.0,10.42.0.49,52432.0,TCP,54,50555  >  52432 [ACK] Seq=163 Ack=221 Win=65535 Len=0,0.000443
333,1174789.150124,10.42.0.49,61395.0,99.81.71.200,443.0,TCP,54,61395  >  443 [ACK] Seq=117748 Ack=10597 Win=5702 Len=0,0.151112
334,422076.089386,10.42.0.13,64441.0,10.42.0.49,52432.0,TCP,54,62464  >  52432 [ACK] Seq=496 Ack=1344 Win=65535 Len=0,0.006938
335,264312.983011,10.42.0.13,59476.0,10.42.0.49,52432.0,TCP,54,59465  >  52432 [ACK] Seq=496 Ack=1781 Win=65535 Len=0,0.006664
336,351024.902383,10.42.0.13,51347.0,10.42.0.28,80.0,TCP,54,51381  >  80 [ACK] Seq=483 Ack=103 Win=65535 Len=0,0.000101
337,1184296.207397,10.42.0.49,52432.0,10.42.0.13,50512.0,TCP,54,52432  >  50520 [ACK] Seq=1781 Ack=497 Win=5344 Len=0,0.003117
338,324132.353271,10.42.0.13,50380.0,10.42.0.49,80.0,TCP,54,50371  >  80 [ACK] Seq=1 Ack=1 Win=65535 Len=0,0.000103
339,1170598.644019,10.42.0.49,5353.0,10.42.0.13,5353.0,MDNS,270,"Standard query response 0x0000 PTR _hap._tcp.local, ""QU"" question PTR MSS210-9f39._hap._tcp.local SRV 0 0 52432 Meross_Smart_Pl",
340,410992.02942,10.42.0.13,51708.0,10.42.0.28,80.0,TCP,54,51708  >  80 [ACK] Seq=1 Ack=1 Win=65535 Len=0,0.000105
341,416844.617679,10.42.0.13,60902.0,10.42.0.49,52432.0,TCP,54,62504  >  52432 [ACK] Seq=496 Ack=1781 Win=65535 Len=0,0.003969
342,1148001.68986,10.42.0.13,50916.0,10.42.0.49,52432.0,TCP,54,51069  >  52432 [ACK] Seq=414 Ack=302 Win=65535 Len=0,0.000111
343,351015.406943,10.42.0.28,80.0,10.42.0.13,51373.0,TCP,54,80  >  51383 [ACK] Seq=1 Ack=515 Win=2406 Len=0,0.002119
344,1158387.171545,10.42.0.49,61395.0,99.81.71.200,443.0,TLSv1.2,539,Application Data,0.053327
345,373203.58293,10.42.0.49,5353.0,10.42.0.13,5353.0,MDNS,174,"Standard query response 0x0000 TXT MSS210-9f39._hap._tcp.local, ""QU"" question TXT",0.001044
346,1149017.646818,10.42.0.49,5353.0,10.42.0.13,5353.0,MDNS,174,"Standard query response 0x0000 TXT MSS210-9f39._hap._tcp.local, ""QU"" question TXT",0.000852
347,243591.121652,10.42.0.49,52432.0,10.42.0.13,59476.0,HTTP,135,HTTP/1.1 200 OK  (application/pairing+tlv8),0.047987
348,1156830.718859,10.42.0.49,52432.0,10.42.0.13,50504.0,HTTP,135,HTTP/1.1 200 OK  (application/pairing+tlv8),0.046844
349,1141837.085775,10.42.0.49,52432.0,10.42.0.13,50533.0,HTTP,135,HTTP/1.1 200 OK  (application/pairing+tlv8),0.044287
350,1145421.424873,10.42.0.49,52432.0,10.42.0.13,50524.0,TCP,54,52432  >  50505 [ACK] Seq=1781 Ack=497 Win=5344 Len=0,0.000527
351,1178000.429519,10.42.0.49,52432.0,10.42.0.13,50533.0,TCP,54,52432  >  50531 [ACK] Seq=1781 Ack=497 Win=5344 Len=0,0.000113
352,1164417.076658,10.42.0.49,52432.0,10.42.0.13,50628.0,TCP,54,[TCP Keep-Alive ACK] 52432  >  50505 [ACK] Seq=1781 Ack=496 Win=5345 Len=0,0.00
353,1131930.474849,10.42.0.49,52432.0,10.42.0.13,50424.0,TCP,54,52432  >  50494 [ACK] Seq=1781 Ack=497 Win=5344 Len=0,0.000268
354,351015.649192,10.42.0.49,52432.0,10.42.0.13,61823.0,HTTP,135,HTTP/1.1 200 OK  (application/pairing+tlv8),0.046829
355,1171335.029323,10.42.0.49,61395.0,99.81.71.200,443.0,TCP,54,61395  >  443 [ACK] Seq=25656 Ack=1798 Win=5844 Len=0,0.187147
356,3751.062315,10.42.0.140,5987.0,10.42.0.49,52432.0,TCP,54,59619  >  52432 [ACK] Seq=497 Ack=1782 Win=65535 Len=0,0.003115
357,351015.702188,10.42.0.28,80.0,10.42.0.13,51364.0,TCP,58,"80  >  51382 [SYN, ACK] Seq=0 Ack=1 Win=2920 Len=0 MSS=1460",0.001353
358,1152631.573139,10.42.0.49,52432.0,10.42.0.13,50550.0,TCP,54,52432  >  50532 [ACK] Seq=1 Ack=163 Win=5678 Len=0,0.004688
359,373208.162209,10.42.0.49,52432.0,10.42.0.13,61949.0,TCP,54,52432  >  61936 [ACK] Seq=1 Ack=163 Win=5678 Len=0,0.101029
360,1141421.046611,10.42.0.49,52432.0,10.42.0.13,50605.0,TCP,54,52432  >  50505 [ACK] Seq=1 Ack=163 Win=5678 Len=0,0.002404
361,1132277.406831,10.42.0.13,50328.0,10.42.0.49,52432.0,TCP,54,50320  >  52432 [ACK] Seq=496 Ack=1781 Win=65535 Len=0,0.003658
362,1175618.846435,10.42.0.49,61395.0,99.81.71.200,443.0,TCP,54,61395  >  443 [ACK] Seq=25256 Ack=221497 Win=5702 Len=0,0.257233
363,1139388.066517,10.42.0.49,5353.0,10.42.0.13,5353.0,MDNS,174,"Standard query response 0x0000 TXT MSS210-9f39._hap._tcp.local, ""QU"" question TXT",0.005693
364,246304.665859,10.42.0.13,59609.0,10.42.0.49,52432.0,TCP,54,59694  >  52432 [ACK] Seq=497 Ack=1782 Win=65535 Len=0,0.005329
365,427092.560092,10.42.0.49,61389.0,54.216.1.110,443.0,TLSv1.2,539,Application Data,0.106382
366,351008.055677,10.42.0.13,51346.0,10.42.0.28,80.0,TCP,54,51353  >  80 [ACK] Seq=482 Ack=103 Win=65535 Len=0,0.000104
367,1178000.992534,10.42.0.13,5353.0,10.42.0.49,5353.0,MDNS,87,"Standard query 0x0000 TXT MSS210-9f39._hap._tcp.local, ""QU"" question",0.000781
368,1178006.013458,10.42.0.49,5353.0,10.42.0.13,5353.0,MDNS,174,"Standard query response 0x0000 TXT MSS210-9f39._hap._tcp.local, ""QU"" question TXT",0.002552
369,351019.690279,10.42.0.13,51387.0,10.42.0.28,80.0,TCP,54,51381  >  80 [ACK] Seq=482 Ack=103 Win=65535 Len=0,0.000105
370,1132277.520923,10.42.0.49,61395.0,99.81.71.200,443.0,TCP,54,61395  >  443 [ACK] Seq=21177 Ack=16506 Win=5249 Len=0,0.178458
371,1141273.22349,10.42.0.49,52432.0,10.42.0.13,50369.0,TCP,54,52432  >  50532 [ACK] Seq=1 Ack=163 Win=5678 Len=0,0.002021
372,1170580.463873,10.42.0.49,5353.0,10.42.0.13,5353.0,MDNS,174,"Standard query response 0x0000 TXT MSS210-9f39._hap._tcp.local, ""QU"" question TXT",0.010527
373,251265.161951,10.42.0.49,52432.0,10.42.0.13,59757.0,HTTP,135,HTTP/1.1 200 OK  (application/pairing+tlv8),0.046795
374,1132277.711562,10.42.0.49,61395.0,99.81.71.200,443.0,TLSv1.2,539,Application Data,0.094697
375,235925.555777,10.42.0.49,52432.0,10.42.0.13,59827.0,TCP,54,52432  >  59728 [ACK] Seq=1781 Ack=497 Win=5344 Len=0,0.000338
376,315228.134797,10.42.0.49,52432.0,10.42.0.13,60958.0,HTTP,135,HTTP/1.1 200 OK  (application/pairing+tlv8),0.047458
377,1150929.088065,10.42.0.49,5353.0,10.42.0.13,5353.0,MDNS,174,"Standard query response 0x0000 TXT MSS210-9f39._hap._tcp.local, ""QU"" question TXT",0.000351
378,1132277.598964,10.42.0.49,52432.0,10.42.0.13,50310.0,TCP,54,52432  >  50508 [ACK] Seq=1 Ack=163 Win=5678 Len=0,0.002116
379,351019.05353,10.42.0.28,80.0,10.42.0.13,51363.0,TCP,54,80  >  51383 [ACK] Seq=1 Ack=515 Win=2406 Len=0,0.000104
380,1178000.59663,10.42.0.49,52432.0,10.42.0.13,58253.0,TCP,54,52432  >  50532 [ACK] Seq=1 Ack=163 Win=5678 Len=0,0.004828
381,234168.912073,10.42.0.13,59476.0,10.42.0.49,52432.0,TCP,54,59609  >  52432 [ACK] Seq=1 Ack=1 Win=65535 Len=0,0.006596
382,351019.701834,10.42.0.13,51381.0,10.42.0.28,80.0,TCP,54,51381  >  80 [ACK] Seq=483 Ack=103 Win=65535 Len=0,0.000105
383,1162453.585294,10.42.0.49,61395.0,99.81.71.200,443.0,TLSv1.2,123,Application Data,1.989977
384,1174343.894074,10.42.0.49,52432.0,10.42.0.13,50403.0,TCP,54,[TCP Keep-Alive ACK] 52432  >  50589 [ACK] Seq=1781 Ack=496 Win=5345 Len=0,0.00
385,1157295.259528,10.42.0.13,50550.0,10.42.0.49,52432.0,TCP,54,50555  >  52432 [ACK] Seq=496 Ack=1344 Win=65535 Len=0,0.003555
386,322085.033225,10.42.0.13,50110.0,10.42.0.28,80.0,TCP,54,50101  >  80 [ACK] Seq=482 Ack=102 Win=65535 Len=0,0.001105
387,1150942.50657,10.42.0.49,52432.0,10.42.0.13,50552.0,TCP,54,52432  >  50553 [ACK] Seq=1781 Ack=497 Win=5344 Len=0,0.001125
388,351019.645958,10.42.0.13,51353.0,10.42.0.28,80.0,TCP,54,51353  >  80 [ACK] Seq=1 Ack=1 Win=65535 Len=0,0.00425
389,1132277.570657,10.42.0.49,61395.0,99.81.71.200,443.0,TLSv1.2,539,Application Data,0.106086
390,351008.046413,10.42.0.13,51353.0,10.42.0.28,80.0,TCP,54,51353  >  80 [ACK] Seq=1 Ack=1 Win=65535 Len=0,0.004942
391,1178006.443325,10.42.0.49,5353.0,10.42.0.13,5353.0,MDNS,174,"Standard query response 0x0000 TXT MSS210-9f39._hap._tcp.local, ""QU"" question TXT",0.001253
392,1155569.86992,10.42.0.49,61395.0,99.81.71.200,443.0,TLSv1.2,123,Application Data,15.636419
393,1155828.235993,10.42.0.13,50581.0,10.42.0.49,52432.0,TCP,54,50555  >  52432 [ACK] Seq=163 Ack=221 Win=65535 Len=0,0.000367
394,1174349.252555,10.42.0.49,52432.0,10.42.0.13,50552.0,TCP,54,52432  >  50521 [ACK] Seq=1781 Ack=497 Win=5344 Len=0,0.000153
395,351019.32658,10.42.0.13,51387.0,10.42.0.28,80.0,TCP,54,51388  >  80 [ACK] Seq=483 Ack=103 Win=65535 Len=0,0.000158
396,1150942.690947,10.42.0.13,50526.0,10.42.0.49,52432.0,TCP,54,50560  >  52432 [ACK] Seq=496 Ack=1781 Win=65535 Len=0,0.004393
397,1170562.858099,10.42.0.13,50995.0,10.42.0.49,52432.0,TCP,54,50599  >  52432 [ACK] Seq=163 Ack=221 Win=65535 Len=0,0.001084
398,264304.16137,10.42.0.13,59695.0,10.42.0.49,52432.0,TCP,54,59695  >  52432 [ACK] Seq=1 Ack=1 Win=65535 Len=0,0.000105
399,422073.532131,10.42.0.13,62615.0,10.42.0.49,52432.0,TCP,54,62763  >  52432 [ACK] Seq=414 Ack=302 Win=65535 Len=0,0.001637
400,1132277.620663,10.42.0.49,61395.0,99.81.71.200,443.0,TCP,54,61395  >  443 [ACK] Seq=227032 Ack=130788 Win=5249 Len=0,0.153225
401,350988.818389,10.42.0.13,51353.0,10.42.0.28,80.0,TCP,54,51343  >  80 [ACK] Seq=1 Ack=1 Win=65535 Len=0,0.001015
402,1132277.386426,10.42.0.13,50326.0,10.42.0.49,52432.0,TCP,54,50325  >  52432 [ACK] Seq=414 Ack=302 Win=65535 Len=0,0.000111
403,1147892.995763,10.42.0.49,61395.0,99.81.71.200,443.0,TLSv1.2,123,Application Data,3.850247
404,1132280.977645,10.42.0.49,61395.0,99.81.71.200,443.0,TCP,54,61395  >  443 [ACK] Seq=25617 Ack=20258 Win=5702 Len=0,0.107829
405,1174798.735298,10.42.0.49,52432.0,10.42.0.13,50848.0,TCP,54,52432  >  50868 [ACK] Seq=1781 Ack=497 Win=5344 Len=0,0.000111
406,1174377.698212,10.42.0.49,52432.0,10.42.0.13,50702.0,TCP,54,52432  >  50548 [ACK] Seq=1781 Ack=497 Win=5344 Len=0,0.000505
407,1175882.614675,10.42.0.49,5353.0,10.42.0.13,5353.0,MDNS,174,"Standard query response 0x0000 TXT MSS210-9f39._hap._tcp.local, ""QU"" question TXT",0.001122
408,361232.29084,10.42.0.13,60910.0,10.42.0.49,52432.0,TCP,54,60920  >  52432 [ACK] Seq=163 Ack=221 Win=65535 Len=0,0.001539
409,1177842.914393,10.42.0.49,52432.0,10.42.0.13,50855.0,HTTP,274,HTTP/1.1 200 OK  (application/pairing+tlv8),0.044158
410,1134554.554048,10.42.0.49,61395.0,99.81.71.200,443.0,TCP,54,61395  >  443 [ACK] Seq=25078 Ack=10256 Win=5702 Len=0,0.005228
411,1156829.240281,10.42.0.49,61395.0,99.81.71.200,443.0,TCP,54,61395  >  443 [ACK] Seq=13492 Ack=260099 Win=5111 Len=0,0.105113
412,1143475.776077,10.42.0.49,5353.0,10.42.0.13,5353.0,MDNS,270,"Standard query response 0x0000 PTR _hap._tcp.local, ""QU"" question PTR MSS210-9f39._hap._tcp.local SRV 0 0 52432 Meross_Smart_Pl",
413,320368.74872,10.42.0.13,50102.0,10.42.0.49,52432.0,TCP,54,59480  >  52432 [ACK] Seq=1 Ack=1 Win=65535 Len=0,0.000158
414,1162417.696872,10.42.0.49,52432.0,10.42.0.13,50855.0,HTTP,1096,Continuation,0.006744
415,1166078.643097,10.42.0.49,61395.0,99.81.71.200,443.0,TLSv1.2,539,Application Data,0.105354
416,1182029.176096,10.42.0.13,5353.0,10.42.0.49,5353.0,MDNS,87,"Standard query 0x0000 TXT MSS210-9f39._hap._tcp.local, ""QU"" question",0.000256
417,1157417.208027,10.42.0.49,52432.0,10.42.0.13,50705.0,HTTP,1096,Continuation,0.004781
418,1170923.123271,10.42.0.13,50757.0,10.42.0.49,52432.0,TCP,54,50756  >  52432 [ACK] Seq=163 Ack=221 Win=65535 Len=0,0.001153
419,1150921.065773,10.42.0.49,52432.0,10.42.0.13,50575.0,TCP,54,52432  >  50530 [ACK] Seq=1781 Ack=497 Win=5344 Len=0,0.003252
420,1150941.660565,10.42.0.13,50526.0,10.42.0.49,52432.0,TCP,54,50552  >  52432 [ACK] Seq=496 Ack=1781 Win=65535 Len=0,0.000111
421,242733.993079,10.42.0.13,59468.0,10.42.0.49,52432.0,TCP,54,59468  >  52432 [ACK] Seq=497 Ack=1782 Win=65535 Len=0,0.003422
422,1163916.322161,10.42.0.13,50630.0,10.42.0.49,52432.0,TCP,54,50630  >  52432 [ACK] Seq=497 Ack=1782 Win=65535 Len=0,0.003877
423,410993.032032,10.42.0.13,5353.0,10.42.0.49,5353.0,MDNS,87,"Standard query 0x0000 TXT MSS210-9f39._hap._tcp.local, ""QU"" question",0.012516
424,351008.09163,10.42.0.28,80.0,10.42.0.13,51382.0,TCP,54,80  >  51383 [ACK] Seq=1 Ack=483 Win=2438 Len=0,0.002478
425,405061.451757,10.42.0.13,51498.0,10.42.0.28,80.0,TCP,54,51498  >  80 [ACK] Seq=1 Ack=1 Win=65535 Len=0,0.000294
426,1150928.783484,10.42.0.13,50536.0,10.42.0.49,52432.0,TCP,54,50535  >  52432 [ACK] Seq=1 Ack=1 Win=65535 Len=0,0.002397
427,315228.412717,10.42.0.13,59432.0,10.42.0.49,52432.0,TCP,54,59243  >  52432 [ACK] Seq=496 Ack=1781 Win=65535 Len=0,0.000159
428,1132280.412079,10.42.0.13,50349.0,10.42.0.49,52432.0,TCP,54,50324  >  52432 [ACK] Seq=496 Ack=1344 Win=65535 Len=0,0.003493
429,1164346.636018,10.42.0.49,61395.0,99.81.71.200,443.0,TLSv1.2,539,Application Data,0.133125
430,1161231.023326,10.42.0.49,52432.0,10.42.0.13,50320.0,TCP,54,52432  >  50320 [ACK] Seq=1 Ack=163 Win=5678 Len=0,0.00395
431,1178006.858825,10.42.0.49,52432.0,10.42.0.13,50815.0,TCP,54,52432  >  50548 [ACK] Seq=1 Ack=163 Win=5678 Len=0,0.10685
432,355631.158111,10.42.0.13,61838.0,10.42.0.49,52432.0,TCP,54,61881  >  52432 [ACK] Seq=496 Ack=1781 Win=65535 Len=0,0.006995
433,1174785.41549,10.42.0.49,61395.0,99.81.71.200,443.0,TLSv1.2,555,Application Data,0.010699
434,1132277.420127,10.42.0.13,50328.0,10.42.0.49,52432.0,TCP,54,50327  >  52432 [ACK] Seq=1 Ack=1 Win=65535 Len=0,0.003966
435,240093.553365,10.42.0.13,59469.0,10.42.0.49,52432.0,TCP,54,59494  >  52432 [ACK] Seq=496 Ack=1781 Win=65535 Len=0,0.006114
436,1134994.633191,10.42.0.49,52432.0,10.42.0.13,50393.0,TCP,54,52432  >  50324 [ACK] Seq=1781 Ack=497 Win=5344 Len=0,0.003524
437,1171227.560641,10.42.0.49,61395.0,99.81.71.200,443.0,TCP,54,61395  >  443 [ACK] Seq=16997 Ack=121197 Win=5111 Len=0,0.209175
438,356633.405359,10.42.0.49,52432.0,10.42.0.13,61819.0,TCP,54,52432  >  61874 [ACK] Seq=1781 Ack=497 Win=5344 Len=0,0.002262
439,1163032.623572,10.42.0.49,52432.0,10.42.0.13,50333.0,TCP,54,52432  >  50322 [ACK] Seq=1 Ack=163 Win=5678 Len=0,0.127247
440,1165690.06652,10.42.0.49,52432.0,10.42.0.13,50602.0,TCP,54,52432  >  50530 [ACK] Seq=1781 Ack=497 Win=5344 Len=0,0.004497
441,1165693.182733,10.42.0.49,52432.0,10.42.0.13,50703.0,TCP,54,52432  >  50520 [ACK] Seq=1 Ack=163 Win=5678 Len=0,0.125913
442,1166739.502326,10.42.0.49,52432.0,10.42.0.13,50703.0,TCP,54,52432  >  50602 [ACK] Seq=1 Ack=163 Win=5678 Len=0,0.000244
443,351019.619978,10.42.0.49,52432.0,10.42.0.13,61881.0,HTTP,1096,Continuation,0.006037
444,351019.901121,10.42.0.13,51387.0,10.42.0.28,80.0,TCP,54,51393  >  80 [ACK] Seq=1 Ack=1 Win=65535 Len=0,0.006993
445,255900.228545,10.42.0.13,52743.0,10.42.0.28,80.0,TCP,54,52746  >  80 [ACK] Seq=482 Ack=102 Win=65535 Len=0,0.001011
446,377145.570127,10.42.0.13,61918.0,10.42.0.49,52432.0,TCP,54,61979  >  52432 [ACK] Seq=496 Ack=1344 Win=65535 Len=0,0.003926
447,422076.018625,10.42.0.13,64443.0,10.42.0.49,52432.0,TCP,54,62464  >  52432 [ACK] Seq=496 Ack=1781 Win=65535 Len=0,0.003253
448,240092.53757,10.42.0.49,5353.0,10.42.0.13,5353.0,MDNS,174,"Standard query response 0x0000 TXT MSS210-9f39._hap._tcp.local, ""QU"" question TXT",0.010795
449,1166018.417528,10.42.0.49,52432.0,10.42.0.13,50707.0,HTTP,1096,Continuation,0.006052
450,1132280.744999,10.42.0.13,50395.0,10.42.0.49,52432.0,TCP,54,50390  >  52432 [ACK] Seq=496 Ack=1344 Win=65535 Len=0,0.000134
451,1171380.843228,10.42.0.49,52432.0,10.42.0.13,50917.0,TCP,54,52432  >  50320 [ACK] Seq=1 Ack=163 Win=5678 Len=0,0.001114
452,350988.480098,10.42.0.13,61704.0,10.42.0.49,52432.0,TCP,54,61095  >  52432 [ACK] Seq=1 Ack=1 Win=65535 Len=0,0.003399
453,255900.30531,10.42.0.13,52712.0,10.42.0.28,80.0,TCP,54,52732  >  80 [ACK] Seq=482 Ack=103 Win=65535 Len=0,0.000111
454,235926.138113,10.42.0.13,59386.0,10.42.0.49,52432.0,TCP,54,59386  >  52432 [ACK] Seq=1 Ack=1 Win=65535 Len=0,0.002564
455,1177887.558825,10.42.0.13,50818.0,10.42.0.49,52432.0,TCP,54,50856  >  52432 [ACK] Seq=1 Ack=1 Win=65535 Len=0,0.002559
456,238903.719455,10.42.0.13,51152.0,10.42.0.28,80.0,TCP,54,51159  >  80 [ACK] Seq=1 Ack=1 Win=65535 Len=0,0.004294
457,378235.624867,10.42.0.49,61388.0,54.216.1.110,443.0,TCP,54,61388  >  443 [ACK] Seq=10424 Ack=13872 Win=5840 Len=0,0.111532
458,1144736.13549,10.42.0.49,52432.0,10.42.0.13,50526.0,TCP,54,52432  >  50532 [ACK] Seq=1 Ack=163 Win=5678 Len=0,0.202166
459,1150921.999878,10.42.0.13,50555.0,10.42.0.49,52432.0,TCP,54,50559  >  52432 [ACK] Seq=496 Ack=1344 Win=65535 Len=0,0.001886
460,1165693.099262,10.42.0.49,5353.0,10.42.0.13,5353.0,MDNS,174,"Standard query response 0x0000 TXT MSS210-9f39._hap._tcp.local, ""QU"" question TXT",0.005042
461,1132277.266547,10.42.0.49,61395.0,99.81.71.200,443.0,TLSv1.2,539,Application Data,0.156457
462,373255.61583,10.42.0.49,61388.0,54.216.1.110,443.0,TLSv1.2,539,Application Data,0.104854
463,321277.609289,10.42.0.28,80.0,10.42.0.13,50133.0,TCP,54,80  >  50740 [ACK] Seq=1 Ack=483 Win=2438 Len=0,0.002524
464,1132277.971338,10.42.0.49,61395.0,99.81.71.200,443.0,TLSv1.2,539,Application Data,0.122375
465,351019.08083,10.42.0.13,51353.0,10.42.0.28,80.0,TCP,54,51353  >  80 [ACK] Seq=1 Ack=1 Win=65535 Len=0,0.000104
466,1177382.580162,10.42.0.49,52432.0,10.42.0.13,50693.0,TCP,54,52432  >  50836 [ACK] Seq=1 Ack=163 Win=5678 Len=0,0.002554
467,1152693.607466,10.42.0.49,5353.0,224.0.0.251,5353.0,MDNS,305,"Standard query response 0x0000 PTR MSS210-9f39._hap._tcp.local SRV, cache flush 0 0 52432 Meross_Smart_Plug.local TXT, cache flush A",
468,255902.059865,10.42.0.28,80.0,10.42.0.13,52748.0,TCP,54,80  >  52749 [ACK] Seq=199 Ack=483 Win=2438 Len=0,0.000117
469,1132277.666634,10.42.0.13,50325.0,10.42.0.49,52432.0,TCP,54,50326  >  52432 [ACK] Seq=497 Ack=1782 Win=65535 Len=0,0.003226
470,350983.698894,10.42.0.49,52432.0,10.42.0.13,61872.0,TCP,54,52432  >  61872 [ACK] Seq=1 Ack=163 Win=5678 Len=0,0.12045
471,1171195.804743,10.42.0.49,5353.0,10.42.0.13,5353.0,MDNS,174,"Standard query response 0x0000 TXT MSS210-9f39._hap._tcp.local, ""QU"" question TXT",0.000872
472,322525.950155,10.42.0.49,61387.0,54.216.1.110,443.0,TCP,54,61387  >  443 [ACK] Seq=152476 Ack=15075 Win=5770 Len=0,0.121633
473,1141894.411112,10.42.0.49,52432.0,10.42.0.13,50492.0,HTTP,1096,Continuation,0.004135
474,1157828.847979,10.42.0.49,52432.0,10.42.0.13,50812.0,HTTP,135,HTTP/1.1 200 OK  (application/pairing+tlv8),0.044877
475,238904.949131,10.42.0.13,59393.0,10.42.0.49,52432.0,TCP,54,59393  >  52432 [ACK] Seq=163 Ack=221 Win=65535 Len=0,0.000156
476,1181203.289941,10.42.0.13,50918.0,10.42.0.49,52432.0,TCP,54,50948  >  52432 [ACK] Seq=496 Ack=1781 Win=65535 Len=0,0.006015
477,1170327.406497,10.42.0.13,50752.0,10.42.0.49,52432.0,TCP,54,50707  >  52432 [ACK] Seq=496 Ack=1781 Win=65535 Len=0,0.004539
478,1162929.522879,10.42.0.49,61395.0,99.81.71.200,443.0,TLSv1.2,123,Application Data,5.888858
479,241589.252521,10.42.0.13,59819.0,10.42.0.49,52432.0,TCP,54,59981  >  52432 [ACK] Seq=497 Ack=1782 Win=65535 Len=0,0.003592
480,1149566.920299,10.42.0.13,50524.0,10.42.0.49,52432.0,TCP,54,50555  >  52432 [ACK] Seq=496 Ack=1344 Win=65535 Len=0,0.003074
481,1166939.070738,10.42.0.49,61395.0,99.81.71.200,443.0,TLSv1.2,123,Application Data,59.17986
482,1155550.10631,10.42.0.49,5353.0,10.42.0.13,5353.0,MDNS,270,"Standard query response 0x0000 PTR _hap._tcp.local, ""QU"" question PTR MSS210-9f39._hap._tcp.local SRV 0 0 52432 Meross_Smart_Plug",
483,1137135.044024,10.42.0.49,61395.0,99.81.71.200,443.0,TLSv1.2,539,Application Data,0.101533
484,1132277.660583,10.42.0.49,61395.0,99.81.71.200,443.0,TCP,54,61395  >  443 [ACK] Seq=24306 Ack=221991 Win=5840 Len=0,0.126279
485,1162479.807261,10.42.0.49,61395.0,99.81.71.200,443.0,TLSv1.2,539,Application Data,0.032219
486,1141425.573918,10.42.0.49,61395.0,99.81.71.200,443.0,TLSv1.2,123,Application Data,4.115374
487,1136452.830844,10.42.0.13,50395.0,10.42.0.49,52432.0,TCP,54,50391  >  52432 [ACK] Seq=497 Ack=1782 Win=65535 Len=0,0.003025
488,351019.854634,10.42.0.49,5353.0,10.42.0.13,5353.0,MDNS,174,"Standard query response 0x0000 TXT MSS210-9f39._hap._tcp.local, ""QU"" question TXT",0.000768
489,1132277.596121,10.42.0.49,52432.0,10.42.0.13,50320.0,TCP,54,52432  >  50320 [ACK] Seq=1 Ack=163 Win=5678 Len=0,0.002549
490,1181963.069348,10.42.0.49,5353.0,10.42.0.13,5353.0,MDNS,174,"Standard query response 0x0000 TXT MSS210-9f39._hap._tcp.local, ""QU"" question TXT",0.000344
491,1162125.414228,10.42.0.49,52432.0,10.42.0.13,50569.0,TCP,54,52432  >  50504 [ACK] Seq=1 Ack=163 Win=5678 Len=0,0.003421
492,1132277.98139,10.42.0.49,61395.0,99.81.71.200,443.0,TLSv1.2,123,Application Data,33.899774
493,1143118.902314,10.42.0.49,52432.0,10.42.0.13,50494.0,TCP,54,52432  >  50494 [ACK] Seq=1 Ack=163 Win=5678 Len=0,0.003994
494,1161215.973769,10.42.0.49,61395.0,99.81.71.200,443.0,TLSv1.2,123,Application Data,3.791195
495,320015.553413,10.42.0.13,51478.0,10.42.0.28,80.0,TCP,54,51383  >  80 [ACK] Seq=482 Ack=103 Win=65535 Len=0,0.000105
496,1132277.98719,10.42.0.13,50328.0,10.42.0.49,52432.0,TCP,54,50828  >  52432 [ACK] Seq=163 Ack=221 Win=65535 Len=0,0.001673
497,420073.082233,10.42.0.13,62715.0,10.42.0.49,52432.0,TCP,54,62602  >  52432 [ACK] Seq=163 Ack=221 Win=65535 Len=0,0.000117
498,351015.61099,10.42.0.13,51381.0,10.42.0.28,80.0,TCP,54,51393  >  80 [ACK] Seq=1 Ack=1 Win=65535 Len=0,0.000119
499,235924.61202,10.42.0.13,50941.0,10.42.0.49,52432.0,TCP,54,59494  >  52432 [ACK] Seq=496 Ack=1781 Win=65535 Len=0,0.001368
500,1161121.613349,10.42.0.49,61395.0,99.81.71.200,443.0,TLSv1.2,539,Application Data,0.034129
501,1160117.69297,10.42.0.49,5353.0,10.42.0.13,5353.0,MDNS,174,"Standard query response 0x0000 TXT MSS210-9f39._hap._tcp.local, ""QU"" question TXT",0.008581
502,1176176.092425,10.42.0.49,52432.0,10.42.0.13,50855.0,HTTP,1096,Continuation,0.007084
503,1170558.868827,10.42.0.13,50855.0,10.42.0.49,52432.0,TCP,54,50585  >  52432 [ACK] Seq=1 Ack=1 Win=65535 Len=0,0.002454
504,350988.900968,10.42.0.28,80.0,10.42.0.13,51341.0,TCP,54,80  >  51349 [ACK] Seq=1 Ack=482 Win=2438 Len=0,0.002413
505,351015.661913,10.42.0.13,51387.0,10.42.0.28,80.0,TCP,54,51385  >  80 [ACK] Seq=1 Ack=1 Win=65535 Len=0,0.004019
506,351019.640989,10.42.0.28,80.0,10.42.0.13,51341.0,TCP,54,80  >  51383 [ACK] Seq=1 Ack=514 Win=2406 Len=0,0.002213
507,1167123.299993,10.42.0.49,52432.0,10.42.0.13,50533.0,TCP,54,[TCP Keep-Alive ACK] 52432  >  50341 [ACK] Seq=1781 Ack=496 Win=5345 Len=0,0.00
508,1132277.352111,10.42.0.49,61395.0,99.81.71.200,443.0,TCP,54,61395  >  443 [ACK] Seq=30304 Ack=31374 Win=5849 Len=0,0.269731
509,1156277.418469,10.42.0.49,61395.0,99.81.71.200,443.0,TLSv1.2,555,Application Data,0.099086
510,351019.561151,10.42.0.13,51365.0,10.42.0.28,80.0,TCP,54,51365  >  80 [ACK] Seq=1 Ack=1 Win=65535 Len=0,0.000105
511,1153422.607342,10.42.0.49,52432.0,10.42.0.13,50532.0,TCP,54,52432  >  50325 [ACK] Seq=1 Ack=163 Win=5678 Len=0,0.002974
512,1166977.100133,10.42.0.49,5353.0,10.42.0.13,5353.0,MDNS,174,"Standard query response 0x0000 TXT MSS210-9f39._hap._tcp.local, ""QU"" question TXT",0.000227
513,1182027.887125,10.42.0.13,59146.0,10.42.0.49,52432.0,TCP,54,50948  >  52432 [ACK] Seq=496 Ack=1344 Win=65535 Len=0,0.002045
514,1161817.132933,10.42.0.49,61395.0,99.81.71.200,443.0,TCP,54,61395  >  443 [ACK] Seq=128196 Ack=1667 Win=5845 Len=0,0.218077
515,238903.511137,10.42.0.49,5353.0,10.42.0.13,5353.0,MDNS,174,"Standard query response 0x0000 TXT MSS210-9f39._hap._tcp.local, ""QU"" question TXT",0.001115
516,1132277.411742,10.42.0.49,61395.0,99.81.71.200,443.0,TCP,54,61395  >  443 [ACK] Seq=32972 Ack=165497 Win=5249 Len=0,0.134969
517,1178006.452363,10.42.0.49,5353.0,10.42.0.13,5353.0,MDNS,174,"Standard query response 0x0000 TXT MSS210-9f39._hap._tcp.local, ""QU"" question TXT",0.009458
518,351024.695066,10.42.0.28,80.0,10.42.0.13,51363.0,TCP,54,80  >  51360 [ACK] Seq=1 Ack=482 Win=2439 Len=0,0.003952
519,1132277.319973,10.42.0.49,61395.0,99.81.71.200,443.0,TLSv1.2,539,Application Data,0.12367
520,351019.649811,10.42.0.13,51395.0,10.42.0.28,80.0,TCP,54,51393  >  80 [ACK] Seq=514 Ack=104 Win=65535 Len=0,0.000108
521,1183844.906027,10.42.0.49,5353.0,10.42.0.13,5353.0,MDNS,174,"Standard query response 0x0000 TXT MSS210-9f39._hap._tcp.local, ""QU"" question TXT",0.000487
522,1177455.50439,10.42.0.13,5353.0,10.42.0.49,5353.0,MDNS,87,"Standard query 0x0000 TXT MSS210-9f39._hap._tcp.local, ""QU"" question",0.000247
523,416844.462011,10.42.0.49,5353.0,10.42.0.13,5353.0,MDNS,174,"Standard query response 0x0000 TXT MSS210-9f39._hap._tcp.local, ""QU"" question TXT",0.000876
524,1132280.647575,10.42.0.49,61395.0,99.81.71.200,443.0,TLSv1.2,123,Application Data,2.156864
525,1166816.111162,10.42.0.49,52432.0,10.42.0.13,50612.0,TCP,54,52432  >  50614 [ACK] Seq=1 Ack=163 Win=5678 Len=0,0.240991
526,1170517.63522,10.42.0.13,5353.0,10.42.0.49,5353.0,MDNS,87,"Standard query 0x0000 TXT MSS210-9f39._hap._tcp.local, ""QU"" question",0.100725
527,351019.908521,10.42.0.13,51363.0,10.42.0.28,80.0,TCP,54,51367  >  80 [ACK] Seq=1 Ack=1 Win=65535 Len=0,0.000101
528,1149564.570658,10.42.0.49,52432.0,10.42.0.13,50550.0,TCP,54,52432  >  50505 [ACK] Seq=1781 Ack=497 Win=5344 Len=0,0.000108
529,1141251.581349,10.42.0.49,52432.0,10.42.0.13,50492.0,HTTP,1096,Continuation,0.00634
530,242739.056566,10.42.0.13,59809.0,10.42.0.49,52432.0,TCP,54,59695  >  52432 [ACK] Seq=497 Ack=1782 Win=65535 Len=0,0.004656
531,1145314.936769,10.42.0.49,52432.0,10.42.0.13,50504.0,HTTP,135,HTTP/1.1 200 OK  (application/pairing+tlv8),0.044943
532,423127.566478,10.42.0.13,62711.0,10.42.0.49,52432.0,TCP,54,62611  >  52432 [ACK] Seq=496 Ack=1781 Win=65535 Len=0,0.004396
533,1141184.804269,10.42.0.49,5353.0,10.42.0.13,5353.0,MDNS,174,"Standard query response 0x0000 TXT MSS210-9f39._hap._tcp.local, ""QU"" question TXT",0.000795
534,1132276.570082,10.42.0.13,50341.0,10.42.0.49,52432.0,TCP,54,50326  >  52432 [ACK] Seq=414 Ack=302 Win=65535 Len=0,0.001148
535,1177055.854699,10.42.0.49,61395.0,99.81.71.200,443.0,TLSv1.2,123,Application Data,11.269297
536,1132279.419774,10.42.0.49,52432.0,10.42.0.13,50328.0,TCP,54,52432  >  50324 [ACK] Seq=1 Ack=163 Win=5678 Len=0,0.003404
537,1132277.707726,10.42.0.49,61395.0,99.81.71.200,443.0,TLSv1.2,555,Application Data,0.037547
538,355631.170518,10.42.0.13,51353.0,10.42.0.49,52432.0,TCP,54,50551  >  52432 [ACK] Seq=497 Ack=1782 Win=65535 Len=0,0.001473
539,405043.844137,10.42.0.13,51465.0,10.42.0.28,80.0,TCP,54,51434  >  80 [ACK] Seq=515 Ack=104 Win=65535 Len=0,0.000107
540,1164963.673585,10.42.0.49,61395.0,99.81.71.200,443.0,TLSv1.2,539,Application Data,0.112536
541,1176120.533493,10.42.0.49,5353.0,10.42.0.13,5353.0,MDNS,174,"Standard query response 0x0000 TXT MSS210-9f39._hap._tcp.local, ""QU"" question TXT",0.009524
542,351019.056916,10.42.0.13,51387.0,10.42.0.28,80.0,TCP,54,51392  >  80 [ACK] Seq=1 Ack=1 Win=65535 Len=0,0.003586
543,1165693.72972,10.42.0.49,61395.0,99.81.71.200,443.0,TLSv1.2,539,Application Data,0.137155
544,1158250.609838,10.42.0.13,50964.0,10.42.0.49,52432.0,TCP,54,50524  >  52432 [ACK] Seq=496 Ack=1781 Win=65535 Len=0,0.004655
545,1162469.770267,10.42.0.49,61395.0,99.81.71.200,443.0,TLSv1.2,123,Application Data,4.850531
546,1132277.665213,10.42.0.49,61395.0,99.81.71.200,443.0,TLSv1.2,539,Application Data,0.009186
547,351019.417951,10.42.0.28,80.0,10.42.0.13,51349.0,TCP,54,80  >  51378 [ACK] Seq=1 Ack=514 Win=2406 Len=0,0.002388
548,351015.64126,10.42.0.13,51383.0,10.42.0.28,80.0,TCP,54,51365  >  80 [ACK] Seq=483 Ack=103 Win=65535 Len=0,0.000107
549,360351.624437,10.42.0.13,61836.0,10.42.0.49,52432.0,TCP,54,61836  >  52432 [ACK] Seq=496 Ack=1781 Win=65535 Len=0,0.002581
550,1182029.129088,10.42.0.49,52432.0,10.42.0.13,50951.0,TCP,54,52432  >  50948 [ACK] Seq=1 Ack=163 Win=5678 Len=0,0.103166
551,1166810.967763,10.42.0.13,50628.0,10.42.0.49,52432.0,TCP,54,50750  >  52432 [ACK] Seq=1 Ack=1 Win=65535 Len=0,0.001017
552,1131328.421771,10.42.0.49,61395.0,99.81.71.200,443.0,TCP,54,61395  >  443 [ACK] Seq=120227 Ack=12148 Win=5711 Len=0,0.178777
553,1176139.700549,10.42.0.49,5353.0,10.42.0.13,5353.0,MDNS,174,"Standard query response 0x0000 TXT MSS210-9f39._hap._tcp.local, ""QU"" question TXT",0.001115
554,1150969.649472,10.42.0.13,50508.0,10.42.0.49,52432.0,TCP,54,50590  >  52432 [ACK] Seq=496 Ack=1781 Win=65535 Len=0,0.005139
555,1145416.66069,10.42.0.49,52432.0,10.42.0.13,50610.0,TCP,54,"52432  >  50505 [FIN, ACK] Seq=1781 Ack=497 Win=5344 Len=0",0.000112
556,1132277.319643,10.42.0.49,61395.0,99.81.71.200,443.0,TCP,54,61395  >  443 [ACK] Seq=13276 Ack=16997 Win=5845 Len=0,0.298238
557,417516.293931,10.42.0.49,52432.0,10.42.0.13,62489.0,TCP,54,52432  >  62489 [ACK] Seq=1781 Ack=497 Win=5344 Len=0,0.000317
558,351015.581162,10.42.0.28,80.0,10.42.0.13,51368.0,TCP,58,"80  >  51368 [SYN, ACK] Seq=0 Ack=1 Win=2920 Len=0 MSS=1460",0.001011
559,1132277.909547,10.42.0.13,50328.0,10.42.0.49,52432.0,TCP,54,50326  >  52432 [ACK] Seq=496 Ack=1344 Win=65535 Len=0,0.003988
560,1183363.350115,10.42.0.49,5353.0,10.42.0.13,5353.0,MDNS,174,"Standard query response 0x0000 TXT MSS210-9f39._hap._tcp.local, ""QU"" question TXT",0.000763
561,351019.739698,10.42.0.28,80.0,10.42.0.13,51361.0,TCP,54,80  >  51366 [ACK] Seq=1 Ack=483 Win=2438 Len=0,0.002325
562,250510.274777,10.42.0.13,59827.0,10.42.0.28,80.0,TCP,54,57777  >  80 [ACK] Seq=482 Ack=103 Win=65535 Len=0,0.000104
563,356630.604252,10.42.0.13,61834.0,10.42.0.49,52432.0,TCP,54,61878  >  52432 [ACK] Seq=497 Ack=1782 Win=65535 Len=0,0.004331
564,1171362.883135,10.42.0.49,52432.0,10.42.0.13,50312.0,TCP,54,52432  >  50321 [ACK] Seq=1 Ack=163 Win=5678 Len=0,0.002778
565,1171362.706291,10.42.0.49,52432.0,10.42.0.13,50708.0,TCP,54,52432  >  50708 [ACK] Seq=1 Ack=163 Win=5678 Len=0,0.002318
566,351019.669898,10.42.0.13,51387.0,10.42.0.28,80.0,TCP,54,51398  >  80 [ACK] Seq=483 Ack=103 Win=65535 Len=0,0.000136
567,1154717.143644,10.42.0.49,52432.0,10.42.0.13,50505.0,HTTP,274,HTTP/1.1 200 OK  (application/pairing+tlv8),0.222877
568,1156907.601952,10.42.0.49,5353.0,10.42.0.13,5353.0,MDNS,174,"Standard query response 0x0000 TXT MSS210-9f39._hap._tcp.local, ""QU"" question TXT",0.001265
569,1175858.136072,10.42.0.49,61395.0,99.81.71.200,443.0,TLSv1.2,555,Application Data,0.108529
570,351019.616397,10.42.0.49,52432.0,10.42.0.13,61881.0,HTTP,1096,Continuation,0.006011
571,1175180.966648,10.42.0.49,52432.0,10.42.0.13,50855.0,TCP,54,52432  >  50532 [ACK] Seq=1 Ack=163 Win=5678 Len=0,0.106687
572,1136436.698039,10.42.0.49,61395.0,99.81.71.200,443.0,TLSv1.2,539,Application Data,0.031126
573,369032.898757,10.42.0.13,61931.0,10.42.0.49,52432.0,TCP,54,61938  >  52432 [ACK] Seq=496 Ack=1781 Win=65535 Len=0,0.001119
574,1141422.807311,10.42.0.49,5353.0,10.42.0.13,5353.0,MDNS,270,"Standard query response 0x0000 PTR _hap._tcp.local, ""QU"" question PTR MSS210-9f39._hap._tcp.local SRV 0 0 52432 Meross_Smart_Pl",
575,1176290.867555,10.42.0.49,61395.0,99.81.71.200,443.0,TLSv1.2,123,Application Data,10.06437
576,255907.067091,10.42.0.28,80.0,10.42.0.13,52748.0,TCP,54,80  >  52740 [ACK] Seq=1 Ack=482 Win=2439 Len=0,0.002686
577,1170558.656544,10.42.0.49,5353.0,10.42.0.13,5353.0,MDNS,174,"Standard query response 0x0000 TXT MSS210-9f39._hap._tcp.local, ""QU"" question TXT",0.000636
578,351024.577772,10.42.0.13,51353.0,10.42.0.28,80.0,TCP,54,51392  >  80 [ACK] Seq=1 Ack=1 Win=65535 Len=0,0.004104
579,351019.41011,10.42.0.28,80.0,10.42.0.13,51366.0,TCP,58,"80  >  51365 [SYN, ACK] Seq=0 Ack=1 Win=2920 Len=0 MSS=1460",0.000107
580,1167739.939432,10.42.0.49,52432.0,10.42.0.13,50870.0,TCP,54,52432  >  50820 [ACK] Seq=1 Ack=163 Win=5678 Len=0,0.000113
581,351015.418096,10.42.0.13,51381.0,10.42.0.28,80.0,TCP,54,51381  >  80 [ACK] Seq=483 Ack=103 Win=65535 Len=0,0.000159
582,1132277.32379,10.42.0.49,52432.0,10.42.0.13,50362.0,HTTP,135,HTTP/1.1 200 OK  (application/pairing+tlv8),0.046144
583,1164773.966969,10.42.0.49,5353.0,10.42.0.13,5353.0,MDNS,174,"Standard query response 0x0000 TXT MSS210-9f39._hap._tcp.local, ""QU"" question TXT",0.000945
584,351019.547411,10.42.0.13,51353.0,10.42.0.28,80.0,TCP,54,51381  >  80 [ACK] Seq=1 Ack=1 Win=65535 Len=0,0.004999
585,356633.43462,10.42.0.49,5353.0,10.42.0.13,5353.0,MDNS,174,"Standard query response 0x0000 TXT MSS210-9f39._hap._tcp.local, ""QU"" question TXT",0.001122
586,356591.059111,10.42.0.13,61872.0,10.42.0.49,52432.0,TCP,54,61819  >  52432 [ACK] Seq=1 Ack=1 Win=65535 Len=0,0.002381
587,351028.413145,10.42.0.13,51387.0,10.42.0.28,80.0,TCP,54,51381  >  80 [ACK] Seq=483 Ack=103 Win=65535 Len=0,0.000101
588,350415.815311,10.42.0.13,51353.0,10.42.0.28,80.0,TCP,54,51393  >  80 [ACK] Seq=1 Ack=1 Win=65535 Len=0,0.002111
589,351001.694537,10.42.0.13,51361.0,10.42.0.28,80.0,TCP,54,51385  >  80 [ACK] Seq=1 Ack=1 Win=65535 Len=0,0.000105
590,1158384.56925,10.42.0.49,5353.0,10.42.0.13,5353.0,MDNS,174,"Standard query response 0x0000 TXT MSS210-9f39._hap._tcp.local, ""QU"" question TXT",0.000824
591,1178006.506325,10.42.0.49,52432.0,10.42.0.13,50706.0,HTTP,1096,Continuation,0.006132
592,1132277.973275,10.42.0.49,61395.0,99.81.71.200,443.0,TLSv1.2,123,Application Data,3.740136
593,1166078.928265,10.42.0.49,52432.0,10.42.0.13,50705.0,TCP,54,52432  >  50870 [ACK] Seq=1 Ack=163 Win=5678 Len=0,0.002645
594,351008.066593,10.42.0.13,51364.0,10.42.0.28,80.0,TCP,54,51363  >  80 [ACK] Seq=483 Ack=102 Win=65535 Len=0,0.000105
595,1176928.940464,10.42.0.49,52432.0,10.42.0.13,50969.0,TCP,54,52432  >  50948 [ACK] Seq=1781 Ack=497 Win=5344 Len=0,0.001225
596,1150945.698654,10.42.0.49,5353.0,10.42.0.13,5353.0,MDNS,174,"Standard query response 0x0000 TXT MSS210-9f39._hap._tcp.local, ""QU"" question TXT",0.000825
597,1171129.87398,10.42.0.49,52432.0,10.42.0.13,50712.0,TCP,54,52432  >  50871 [ACK] Seq=1781 Ack=497 Win=5344 Len=0,0.004997
598,351019.678265,10.42.0.28,80.0,10.42.0.13,51367.0,TCP,58,"80  >  51365 [SYN, ACK] Seq=0 Ack=1 Win=2920 Len=0 MSS=1460",0.001346
599,321985.506032,10.42.0.13,60919.0,10.42.0.49,52432.0,TCP,54,60959  >  52432 [ACK] Seq=496 Ack=1781 Win=65535 Len=0,0.007739
600,319639.699995,10.42.0.49,52432.0,10.42.0.13,60875.0,HTTP,135,HTTP/1.1 200 OK  (application/pairing+tlv8),0.044548
601,373208.139499,10.42.0.49,52432.0,10.42.0.13,61920.0,HTTP,1096,Continuation,0.006734
602,351024.334111,10.42.0.28,80.0,10.42.0.13,51381.0,TCP,58,"80  >  51380 [SYN, ACK] Seq=0 Ack=1 Win=2920 Len=0 MSS=1460",0.001017
603,351019.690816,10.42.0.28,80.0,10.42.0.13,51381.0,TCP,58,"80  >  51369 [SYN, ACK] Seq=0 Ack=1 Win=2920 Len=0 MSS=1460",0.001011
604,351008.200318,10.42.0.28,80.0,10.42.0.13,51344.0,TCP,54,80  >  51382 [ACK] Seq=1 Ack=515 Win=2406 Len=0,0.002261
605,261151.277194,10.42.0.49,52432.0,10.42.0.13,59757.0,HTTP,274,HTTP/1.1 200 OK  (application/pairing+tlv8),0.214897
606,351064.50099,10.42.0.13,51353.0,10.42.0.28,80.0,TCP,54,51353  >  80 [ACK] Seq=483 Ack=103 Win=65535 Len=0,0.000105
607,1138202.673015,10.42.0.49,61395.0,99.81.71.200,443.0,TCP,54,61395  >  443 [ACK] Seq=32306 Ack=22114 Win=5702 Len=0,0.129771
608,418617.902064,10.42.0.13,62489.0,10.42.0.49,52432.0,TCP,54,62592  >  52432 [ACK] Seq=163 Ack=221 Win=65535 Len=0,0.000269
609,351001.320361,10.42.0.28,80.0,10.42.0.13,51350.0,TCP,58,"80  >  51380 [SYN, ACK] Seq=0 Ack=1 Win=2920 Len=0 MSS=1460",0.000116
610,1166039.009972,10.42.0.49,52432.0,10.42.0.13,50707.0,TCP,54,52432  >  50750 [ACK] Seq=1 Ack=163 Win=5678 Len=0,0.003104
611,351019.089182,10.42.0.28,80.0,10.42.0.13,51350.0,TCP,58,"80  >  51351 [SYN, ACK] Seq=0 Ack=1 Win=2920 Len=0 MSS=1460",0.000117
612,416844.50773,10.42.0.49,52432.0,10.42.0.13,62583.0,HTTP,135,HTTP/1.1 200 OK  (application/pairing+tlv8),0.045045
613,351024.615787,10.42.0.13,51383.0,10.42.0.28,80.0,TCP,54,51383  >  80 [ACK] Seq=483 Ack=103 Win=65535 Len=0,0.000101
614,1174745.599389,10.42.0.49,61395.0,99.81.71.200,443.0,TLSv1.2,123,Application Data,3.123318
615,350988.619158,10.42.0.13,61829.0,10.42.0.49,52432.0,TCP,54,61819  >  52432 [ACK] Seq=497 Ack=1782 Win=65535 Len=0,0.001053
616,1145691.620745,10.42.0.49,61395.0,99.81.71.200,443.0,TCP,54,61395  >  443 [ACK] Seq=30779 Ack=126697 Win=4520 Len=0,0.191447
617,1170599.121211,10.42.0.49,52432.0,10.42.0.13,50550.0,HTTP,491,Continuation,0.006535
618,1132277.404297,10.42.0.13,50328.0,10.42.0.49,52432.0,TCP,54,50320  >  52432 [ACK] Seq=496 Ack=1344 Win=65535 Len=0,0.001808
619,1158389.655783,10.42.0.49,5353.0,10.42.0.13,5353.0,MDNS,174,"Standard query response 0x0000 TXT MSS210-9f39._hap._tcp.local, ""QU"" question TXT",0.002252
620,1170555.559915,10.42.0.13,50579.0,10.42.0.49,52432.0,TCP,54,50555  >  52432 [ACK] Seq=414 Ack=302 Win=65535 Len=0,0.000511
621,351019.632912,10.42.0.13,51375.0,10.42.0.28,80.0,TCP,54,51371  >  80 [ACK] Seq=1 Ack=1 Win=65535 Len=0,0.004017
622,1162463.904797,10.42.0.13,50508.0,10.42.0.49,52432.0,TCP,54,50507  >  52432 [ACK] Seq=496 Ack=1781 Win=65535 Len=0,0.003777
623,405147.577516,10.42.0.49,52432.0,10.42.0.13,62469.0,TCP,54,52432  >  62724 [ACK] Seq=1 Ack=163 Win=5678 Len=0,0.002289
624,255907.719912,10.42.0.49,52432.0,10.42.0.13,59868.0,HTTP,1096,Continuation,0.010793
625,422075.570127,10.42.0.13,62696.0,10.42.0.49,52432.0,TCP,54,62602  >  52432 [ACK] Seq=496 Ack=1781 Win=65535 Len=0,0.003248
626,3742.313999,10.42.0.140,59987.0,10.42.0.28,80.0,TCP,54,59995  >  80 [ACK] Seq=489 Ack=167 Win=65535 Len=0,0.000124
627,1182027.532939,10.42.0.49,61395.0,99.81.71.200,443.0,TLSv1.2,539,Application Data,0.121798
628,1178003.505817,10.42.0.49,52432.0,10.42.0.13,50707.0,HTTP,135,HTTP/1.1 200 OK  (application/pairing+tlv8),0.044474
629,321277.418575,10.42.0.49,52432.0,10.42.0.13,60958.0,TCP,54,52432  >  60983 [ACK] Seq=1781 Ack=497 Win=5344 Len=0,0.001139
630,1156069.119381,10.42.0.49,61395.0,99.81.71.200,443.0,TLSv1.2,555,Application Data,0.108069
631,1132277.567271,10.42.0.49,61395.0,99.81.71.200,443.0,TCP,54,61395  >  443 [ACK] Seq=32076 Ack=15547 Win=4520 Len=0,0.003257
632,1182027.666458,10.42.0.49,61395.0,99.81.71.200,443.0,TLSv1.2,539,Application Data,0.179597
633,1141493.154068,10.42.0.49,5353.0,10.42.0.13,5353.0,MDNS,174,"Standard query response 0x0000 TXT MSS210-9f39._hap._tcp.local, ""QU"" question TXT",0.002447
634,1144424.115161,10.42.0.49,52432.0,10.42.0.13,50490.0,TCP,54,52432  >  50494 [ACK] Seq=1 Ack=163 Win=5678 Len=0,0.002351
635,1175907.920925,10.42.0.13,50756.0,10.42.0.49,52432.0,TCP,54,50556  >  52432 [ACK] Seq=163 Ack=221 Win=65535 Len=0,0.000143
636,1145610.066424,10.42.0.49,5353.0,224.0.0.251,5353.0,MDNS,305,"Standard query response 0x0000 PTR MSS210-9f39._hap._tcp.local SRV, cache flush 0 0 52432 Meross_Smart_Plug.local TXT, cache flush A",
637,1174717.449794,10.42.0.49,52432.0,10.42.0.13,50895.0,TCP,54,52432  >  50855 [ACK] Seq=1781 Ack=497 Win=5344 Len=0,0.004344
638,1171382.876058,10.42.0.13,50865.0,10.42.0.49,52432.0,TCP,54,50856  >  52432 [ACK] Seq=496 Ack=1344 Win=65535 Len=0,0.003145
639,350988.895157,10.42.0.13,51382.0,10.42.0.49,52432.0,TCP,54,55985  >  52432 [ACK] Seq=163 Ack=221 Win=65535 Len=0,0.000111
640,418617.750238,10.42.0.49,61389.0,54.216.1.110,443.0,TLSv1.2,539,Application Data,0.101815
641,255906.986889,10.42.0.13,52727.0,10.42.0.28,80.0,TCP,54,52732  >  80 [ACK] Seq=482 Ack=102 Win=65535 Len=0,0.000105
642,351015.712327,10.42.0.13,51363.0,10.42.0.28,80.0,TCP,54,51385  >  80 [ACK] Seq=1 Ack=1 Win=65535 Len=0,0.000267
643,351024.698966,10.42.0.13,51387.0,10.42.0.28,80.0,TCP,54,51387  >  80 [ACK] Seq=482 Ack=103 Win=65535 Len=0,0.000105
644,1156930.693162,10.42.0.49,5353.0,10.42.0.13,5353.0,MDNS,174,"Standard query response 0x0000 TXT MSS210-9f39._hap._tcp.local, ""QU"" question TXT",0.000253
645,350988.15101,10.42.0.49,52432.0,10.42.0.13,61822.0,TCP,54,52432  >  61832 [ACK] Seq=1 Ack=163 Win=5678 Len=0,0.002194
646,1165693.05212,10.42.0.49,52432.0,10.42.0.13,50710.0,HTTP,491,Continuation,0.001347
647,1177051.813264,10.42.0.49,52432.0,10.42.0.13,50895.0,HTTP,1096,Continuation,0.006649
648,355631.165619,10.42.0.13,61887.0,10.42.0.49,52432.0,TCP,54,61868  >  52432 [ACK] Seq=496 Ack=1781 Win=65535 Len=0,0.001155
649,1176981.441228,99.81.71.200,443.0,10.42.0.49,61395.0,TLSv1.2,507,Application Data,5.038591
650,356.631013,10.42.0.28,58270.0,52.212.130.239,443.0,TLSv1.2,123,Application Data,0.001418
651,321988.23198,10.42.0.13,60910.0,10.42.0.49,52432.0,TCP,54,60919  >  52432 [ACK] Seq=497 Ack=1782 Win=65535 Len=0,0.000163
652,1174269.973057,10.42.0.49,61395.0,99.81.71.200,443.0,TLSv1.2,555,Application Data,0.109654
653,361719.411337,10.42.0.13,61959.0,10.42.0.49,52432.0,TCP,54,61938  >  52432 [ACK] Seq=497 Ack=1782 Win=65535 Len=0,0.004799
654,1174735.904536,10.42.0.49,5353.0,10.42.0.13,5353.0,MDNS,174,"Standard query response 0x0000 TXT MSS210-9f39._hap._tcp.local, ""QU"" question TXT",0.005526
655,1165690.687913,10.42.0.49,52432.0,10.42.0.13,50706.0,TCP,54,52432  >  50532 [ACK] Seq=1 Ack=163 Win=5678 Len=0,0.136847
656,1132277.396752,10.42.0.13,50323.0,10.42.0.49,52432.0,TCP,54,50326  >  52432 [ACK] Seq=497 Ack=1782 Win=65535 Len=0,0.002333
657,351019.415825,10.42.0.13,51381.0,10.42.0.28,80.0,TCP,54,51341  >  80 [ACK] Seq=1 Ack=1 Win=65535 Len=0,0.004273
658,377717.528129,10.42.0.49,52432.0,10.42.0.13,61930.0,HTTP,1096,Continuation,0.007384
659,1163039.528254,10.42.0.49,52432.0,10.42.0.13,50581.0,TCP,58,"52432  >  50535 [SYN, ACK] Seq=0 Ack=1 Win=5840 Len=0 MSS=1460",0.00026
660,1182027.632626,10.42.0.13,50990.0,10.42.0.49,52432.0,TCP,54,50919  >  52432 [ACK] Seq=414 Ack=302 Win=65535 Len=0,0.001159
661,1156070.403422,10.42.0.49,5353.0,10.42.0.13,5353.0,MDNS,174,"Standard query response 0x0000 TXT MSS210-9f39._hap._tcp.local, ""QU"" question TXT",0.007868
662,1149717.12689,10.42.0.49,52432.0,10.42.0.13,50750.0,TCP,54,52432  >  50505 [ACK] Seq=1781 Ack=497 Win=5344 Len=0,0.000293
663,255906.058466,10.42.0.13,52729.0,10.42.0.28,80.0,TCP,54,52767  >  80 [ACK] Seq=482 Ack=103 Win=65535 Len=0,0.000105
664,1132277.59876,10.42.0.49,61395.0,99.81.71.200,443.0,TCP,54,61395  >  443 [ACK] Seq=1111206 Ack=13389 Win=5840 Len=0,0.164974
665,1184563.61457,10.42.0.49,52432.0,10.42.0.13,51064.0,TCP,54,52432  >  50864 [ACK] Seq=1 Ack=163 Win=5678 Len=0,0.105259
666,1176954.687314,10.42.0.49,61395.0,99.81.71.200,443.0,TLSv1.2,555,Application Data,0.107293
667,350988.614769,10.42.0.49,5353.0,10.42.0.13,5353.0,MDNS,174,"Standard query response 0x0000 TXT MSS210-9f39._hap._tcp.local, ""QU"" question TXT",0.007765
668,1132280.676789,10.42.0.49,61395.0,99.81.71.200,443.0,TLSv1.2,539,Application Data,0.124586
669,1149536.19322,10.42.0.49,5353.0,10.42.0.13,5353.0,MDNS,174,"Standard query response 0x0000 TXT MSS210-9f39._hap._tcp.local, ""QU"" question TXT",0.010532
670,255906.820512,10.42.0.13,52741.0,10.42.0.28,80.0,TCP,54,52741  >  80 [ACK] Seq=482 Ack=103 Win=65535 Len=0,0.000105
671,237087.264181,10.42.0.13,59374.0,10.42.0.49,52432.0,TCP,54,59475  >  52432 [ACK] Seq=497 Ack=1782 Win=65535 Len=0,0.000196
672,1162478.15272,10.42.0.49,61395.0,99.81.71.200,443.0,TLSv1.2,539,Application Data,0.040764
673,1182038.621447,10.42.0.49,52432.0,10.42.0.13,50948.0,TCP,54,52432  >  50949 [ACK] Seq=1781 Ack=497 Win=5344 Len=0,0.000111
674,1182027.159836,10.42.0.49,5353.0,10.42.0.13,5353.0,MDNS,174,"Standard query response 0x0000 TXT MSS210-9f39._hap._tcp.local, ""QU"" question TXT",0.000281
675,254698.143034,10.42.0.13,59632.0,10.42.0.49,52432.0,TCP,54,59692  >  52432 [ACK] Seq=1 Ack=1 Win=65535 Len=0,0.004255
676,1132280.670269,10.42.0.49,61395.0,99.81.71.200,443.0,TLSv1.2,539,Application Data,0.124883
677,1176136.98068,10.42.0.49,52432.0,10.42.0.13,50703.0,TCP,54,52432  >  50870 [ACK] Seq=1781 Ack=497 Win=5344 Len=0,0.003571
678,320325.836345,10.42.0.13,60936.0,10.42.0.49,52432.0,TCP,54,60930  >  52432 [ACK] Seq=497 Ack=1782 Win=65535 Len=0,0.003642
679,405043.481425,10.42.0.28,80.0,10.42.0.13,51466.0,TCP,58,"80  >  51424 [SYN, ACK] Seq=0 Ack=1 Win=2920 Len=0 MSS=1460",0.000119
680,1178006.193485,10.42.0.49,5353.0,10.42.0.13,5353.0,MDNS,174,"Standard query response 0x0000 TXT MSS210-9f39._hap._tcp.local, ""QU"" question TXT",0.010103
681,1132277.277221,10.42.0.49,61395.0,99.81.71.200,443.0,TCP,54,61395  >  443 [ACK] Seq=322217 Ack=4306 Win=5444 Len=0,0.028927
682,351024.566654,10.42.0.13,51383.0,10.42.0.49,52432.0,TCP,54,59432  >  52432 [ACK] Seq=497 Ack=1782 Win=65535 Len=0,0.005017
683,1132277.962991,10.42.0.49,52432.0,10.42.0.13,50320.0,TCP,54,52432  >  50320 [ACK] Seq=1781 Ack=497 Win=5344 Len=0,0.000146
684,315228.290195,10.42.0.13,59432.0,10.42.0.28,80.0,TCP,54,59432  >  80 [ACK] Seq=1 Ack=1 Win=65535 Len=0,0.005249
685,4122.081949,10.42.0.140,59804.0,10.42.0.28,80.0,TCP,54,59804  >  80 [ACK] Seq=483 Ack=552 Win=65535 Len=0,0.000105
686,1132277.552528,10.42.0.49,61395.0,99.81.71.200,443.0,TCP,54,61395  >  443 [ACK] Seq=12456 Ack=11687 Win=5840 Len=0,0.152682
687,1174178.991884,10.42.0.49,52432.0,10.42.0.13,50712.0,HTTP,135,HTTP/1.1 200 OK  (application/pairing+tlv8),0.047042
688,419000.04111,10.42.0.13,51736.0,10.42.0.28,80.0,TCP,54,51701  >  80 [ACK] Seq=1 Ack=1 Win=65535 Len=0,0.00107
689,248731.962396,10.42.0.13,59468.0,10.42.0.49,52432.0,TCP,54,59681  >  52432 [ACK] Seq=497 Ack=1782 Win=65535 Len=0,0.005645
690,1182027.621555,10.42.0.13,50990.0,10.42.0.49,52432.0,TCP,54,50990  >  52432 [ACK] Seq=1 Ack=1 Win=65535 Len=0,0.001013
691,1155170.698536,10.42.0.49,52432.0,10.42.0.13,50576.0,HTTP,274,HTTP/1.1 200 OK  (application/pairing+tlv8),0.250949
692,1132277.320771,10.42.0.13,50326.0,10.42.0.49,52432.0,TCP,54,50320  >  52432 [ACK] Seq=496 Ack=1781 Win=65535 Len=0,0.003257
693,1174785.922013,10.42.0.49,52432.0,10.42.0.13,50855.0,HTTP,1096,Continuation,0.006724
694,237087.407573,10.42.0.13,51196.0,10.42.0.28,80.0,TCP,54,51077  >  80 [ACK] Seq=482 Ack=103 Win=65535 Len=0,0.000111
695,1149726.505742,10.42.0.13,50556.0,10.42.0.49,52432.0,TCP,54,50552  >  52432 [ACK] Seq=163 Ack=221 Win=65535 Len=0,0.002554
696,372709.196837,10.42.0.49,52432.0,10.42.0.13,61922.0,HTTP,274,HTTP/1.1 200 OK  (application/pairing+tlv8),0.201113
697,1139549.541031,10.42.0.49,52432.0,10.42.0.13,50551.0,TCP,54,[TCP Keep-Alive ACK] 52432  >  50597 [ACK] Seq=1781 Ack=496 Win=5345 Len=0,0.00
698,377775.19239,10.42.0.49,61388.0,54.216.1.110,443.0,TCP,54,61388  >  443 [ACK] Seq=12938 Ack=1990 Win=5844 Len=0,0.105809
699,1174207.689138,10.42.0.49,52432.0,10.42.0.13,50856.0,TCP,54,52432  >  50864 [ACK] Seq=1 Ack=163 Win=5678 Len=0,0.13995
700,1170355.628869,10.42.0.13,50828.0,10.42.0.49,52432.0,TCP,54,50856  >  52432 [ACK] Seq=1 Ack=1 Win=65535 Len=0,0.000118
701,1166073.417328,10.42.0.49,5353.0,224.0.0.251,5353.0,MDNS,291,"Standard query response 0x0000 TXT, cache flush SRV, cache flush 0 0 52432 Meross_Smart_Plug.local A, cache flush 10.42.0.49 AAA",
702,1166939.597528,10.42.0.49,61395.0,99.81.71.200,443.0,TLSv1.2,539,Application Data,0.094195
703,1141874.86489,10.42.0.49,61395.0,99.81.71.200,443.0,TCP,54,61395  >  443 [ACK] Seq=112477 Ack=92057 Win=5702 Len=0,0.125745
704,1175828.804665,10.42.0.49,5353.0,10.42.0.13,5353.0,MDNS,174,"Standard query response 0x0000 TXT MSS210-9f39._hap._tcp.local, ""QU"" question TXT",0.005739
705,1132277.341979,10.42.0.13,50326.0,10.42.0.49,52432.0,TCP,54,50391  >  52432 [ACK] Seq=496 Ack=1781 Win=65535 Len=0,0.001213
706,1146230.412549,10.42.0.13,50526.0,10.42.0.49,52432.0,TCP,54,50504  >  52432 [ACK] Seq=496 Ack=1344 Win=65535 Len=0,0.004552
707,1170569.122812,10.42.0.49,5353.0,10.42.0.13,5353.0,MDNS,174,"Standard query response 0x0000 TXT MSS210-9f39._hap._tcp.local, ""QU"" question TXT",0.010552
708,3742.05188,10.42.0.28,80.0,10.42.0.140,59878.0,TCP,54,80  >  59888 [ACK] Seq=1 Ack=483 Win=2438 Len=0,0.002324
709,1132277.321786,10.42.0.49,5353.0,10.42.0.13,5353.0,MDNS,174,"Standard query response 0x0000 TXT MSS210-9f39._hap._tcp.local, ""QU"" question TXT",0.000322
710,1163039.870025,10.42.0.49,5353.0,10.42.0.13,5353.0,MDNS,270,"Standard query response 0x0000 PTR _hap._tcp.local, ""QU"" question PTR MSS210-9f39._hap._tcp.local SRV 0 0 52432 Meross_Smart_Pl",
711,351024.653299,10.42.0.13,51381.0,10.42.0.28,80.0,TCP,54,51393  >  80 [ACK] Seq=1 Ack=1 Win=65535 Len=0,0.002104
712,412267.407034,10.42.0.49,5353.0,10.42.0.13,5353.0,MDNS,174,"Standard query response 0x0000 TXT MSS210-9f39._hap._tcp.local, ""QU"" question TXT",0.010247
713,422076.014656,10.42.0.49,61389.0,54.216.1.110,443.0,TCP,54,61389  >  443 [ACK] Seq=122496 Ack=1578 Win=5249 Len=0,0.111149
714,1132277.918771,10.42.0.49,52432.0,10.42.0.13,50855.0,HTTP,1096,Continuation,0.006858
715,1156975.421824,10.42.0.49,61395.0,99.81.71.200,443.0,TCP,54,61395  >  443 [ACK] Seq=1111012 Ack=98748 Win=5840 Len=0,0.249413
716,255906.987016,10.42.0.13,52727.0,10.42.0.28,80.0,TCP,54,52746  >  80 [ACK] Seq=482 Ack=102 Win=65535 Len=0,0.000117
717,1152607.293939,10.42.0.49,61395.0,99.81.71.200,443.0,TLSv1.2,539,Application Data,0.01532
718,350985.440918,10.42.0.13,51368.0,10.42.0.28,80.0,TCP,54,51341  >  80 [ACK] Seq=483 Ack=102 Win=65535 Len=0,0.000104
719,416844.04699,10.42.0.13,60902.0,10.42.0.49,80.0,TCP,54,60909  >  80 [ACK] Seq=1 Ack=1 Win=65535 Len=0,0.005849
720,1161078.624146,10.42.0.49,5353.0,10.42.0.13,5353.0,MDNS,174,"Standard query response 0x0000 TXT MSS210-9f39._hap._tcp.local, ""QU"" question TXT",0.010277
721,1170584.052036,10.42.0.49,52432.0,10.42.0.13,50575.0,HTTP,1096,Continuation,0.006725
722,1174231.645728,10.42.0.13,50526.0,10.42.0.49,52432.0,TCP,54,50527  >  52432 [ACK] Seq=414 Ack=302 Win=65535 Len=0,0.000181
723,1166692.69972,10.42.0.13,50702.0,10.42.0.49,52432.0,TCP,54,50706  >  52432 [ACK] Seq=497 Ack=1782 Win=65535 Len=0,0.002525
724,238903.891889,10.42.0.49,52432.0,10.42.0.13,59368.0,TCP,54,52432  >  59899 [ACK] Seq=1 Ack=163 Win=5678 Len=0,0.11185
725,355631.332853,10.42.0.28,55988.0,34.241.185.170,443.0,TLSv1.2,123,Application Data,17.98883
726,1132277.703878,10.42.0.13,50327.0,10.42.0.49,52432.0,TCP,54,50827  >  52432 [ACK] Seq=1 Ack=1 Win=65535 Len=0,0.003324
727,320015.433285,10.42.0.13,50141.0,10.42.0.28,80.0,TCP,54,50134  >  80 [ACK] Seq=515 Ack=104 Win=65535 Len=0,0.000107
728,1170584.72645,10.42.0.49,52432.0,10.42.0.13,50524.0,TCP,54,52432  >  50505 [ACK] Seq=1781 Ack=497 Win=5344 Len=0,0.000108
729,1155560.842087,10.42.0.49,52432.0,10.42.0.13,50575.0,TCP,54,52432  >  50538 [ACK] Seq=1781 Ack=497 Win=5344 Len=0,0.005326
730,1163932.32279,10.42.0.49,52432.0,10.42.0.13,50394.0,TCP,54,52432  >  50320 [ACK] Seq=1 Ack=163 Win=5678 Len=0,0.119997
731,1170355.865688,10.42.0.49,52432.0,10.42.0.13,50707.0,TCP,54,52432  >  50505 [ACK] Seq=1781 Ack=497 Win=5344 Len=0,0.000108
732,1166869.184672,10.42.0.49,5353.0,10.42.0.13,5353.0,MDNS,270,"Standard query response 0x0000 PTR _hap._tcp.local, ""QU"" question PTR MSS210-9f39._hap._tcp.local SRV 0 0 52432 Meross_Smart_Pl",
733,1132277.271661,10.42.0.49,61395.0,99.81.71.200,443.0,TCP,54,61395  >  443 [ACK] Seq=124666 Ack=1568 Win=5840 Len=0,0.132077
734,1170555.594685,10.42.0.49,5353.0,10.42.0.13,5353.0,MDNS,174,"Standard query response 0x0000 TXT MSS210-9f39._hap._tcp.local, ""QU"" question TXT",0.005596
735,1145866.892394,10.42.0.49,61395.0,99.81.71.200,443.0,TLSv1.2,123,Application Data,1.241235
736,351029.857151,10.42.0.13,51363.0,10.42.0.28,80.0,TCP,54,51363  >  80 [ACK] Seq=483 Ack=103 Win=65535 Len=0,0.000105
737,1174736.633495,10.42.0.49,61395.0,99.81.71.200,443.0,TLSv1.2,539,Application Data,0.122608
738,316031.83253,10.42.0.49,52432.0,10.42.0.13,61821.0,TCP,54,52432  >  61836 [ACK] Seq=1 Ack=163 Win=5678 Len=0,0.002462
739,1132277.415296,10.42.0.49,52432.0,10.42.0.13,50320.0,TCP,54,52432  >  50320 [ACK] Seq=1 Ack=163 Win=5678 Len=0,0.005599
740,1154554.70489,10.42.0.49,52432.0,10.42.0.13,50505.0,TCP,54,52432  >  50505 [ACK] Seq=1781 Ack=497 Win=5344 Len=0,0.000105
741,255902.441255,10.42.0.13,52732.0,10.42.0.28,80.0,TCP,54,52732  >  80 [ACK] Seq=482 Ack=102 Win=65535 Len=0,0.000107
742,1162466.112914,10.42.0.49,61395.0,99.81.71.200,443.0,TLSv1.2,539,Application Data,0.099441
743,255906.096546,10.42.0.13,52327.0,10.42.0.28,80.0,TCP,54,52765  >  80 [ACK] Seq=1 Ack=1 Win=65535 Len=0,0.000105
744,351019.029949,10.42.0.13,51387.0,10.42.0.28,80.0,TCP,54,51393  >  80 [ACK] Seq=1 Ack=1 Win=65535 Len=0,0.002019
745,351019.670231,10.42.0.13,51363.0,10.42.0.28,80.0,TCP,54,51363  >  80 [ACK] Seq=1 Ack=1 Win=65535 Len=0,0.004101
746,248731.803641,10.42.0.28,80.0,10.42.0.13,51067.0,TCP,58,"80  >  51076 [SYN, ACK] Seq=0 Ack=1 Win=2920 Len=0 MSS=1460",0.001119
747,1144717.602568,10.42.0.49,52432.0,10.42.0.13,50549.0,TCP,54,52432  >  50532 [ACK] Seq=1 Ack=163 Win=5678 Len=0,0.004895
748,1165692.065251,10.42.0.49,61395.0,99.81.71.200,443.0,TLSv1.2,555,Application Data,0.099718
749,1158388.717125,10.42.0.49,52432.0,10.42.0.13,50889.0,TCP,54,52432  >  50855 [ACK] Seq=1781 Ack=497 Win=5344 Len=0,0.004679
750,1176373.548323,10.42.0.49,5353.0,10.42.0.13,5353.0,MDNS,174,"Standard query response 0x0000 TXT MSS210-9f39._hap._tcp.local, ""QU"" question TXT",0.010897
751,1150942.808864,10.42.0.13,50552.0,10.42.0.49,52432.0,TCP,54,50552  >  52432 [ACK] Seq=163 Ack=221 Win=65535 Len=0,0.000521
752,1132277.342979,10.42.0.49,52432.0,10.42.0.13,50320.0,TCP,54,52432  >  50320 [ACK] Seq=1 Ack=163 Win=5678 Len=0,0.131269
753,1132277.966346,10.42.0.49,61395.0,99.81.71.200,443.0,TLSv1.2,539,Application Data,0.13856
754,1161463.153765,10.42.0.49,52432.0,10.42.0.13,50704.0,TCP,54,52432  >  50505 [ACK] Seq=1781 Ack=497 Win=5344 Len=0,0.000235
755,1144239.053079,10.42.0.13,50504.0,10.42.0.49,52432.0,TCP,54,50524  >  52432 [ACK] Seq=496 Ack=1781 Win=65535 Len=0,0.003653
756,1165693.260541,10.42.0.13,50551.0,10.42.0.49,52432.0,TCP,54,50515  >  52432 [ACK] Seq=496 Ack=1781 Win=65535 Len=0,0.006325
757,1170595.684092,10.42.0.13,50551.0,10.42.0.49,52432.0,TCP,54,50551  >  52432 [ACK] Seq=1 Ack=1 Win=65535 Len=0,0.001027
758,1132277.964343,10.42.0.13,50392.0,10.42.0.49,52432.0,TCP,54,50324  >  52432 [ACK] Seq=496 Ack=1344 Win=65535 Len=0,0.003911
759,249465.57134,10.42.0.13,59692.0,10.42.0.49,52432.0,TCP,54,59692  >  52432 [ACK] Seq=497 Ack=1782 Win=65535 Len=0,0.003996
760,1170355.706582,10.42.0.49,5353.0,10.42.0.13,5353.0,MDNS,174,"Standard query response 0x0000 TXT MSS210-9f39._hap._tcp.local, ""QU"" question TXT",0.000276
761,350988.659028,10.42.0.13,61834.0,10.42.0.49,52432.0,TCP,54,61813  >  52432 [ACK] Seq=497 Ack=1782 Win=65535 Len=0,0.003182
762,1163939.808721,10.42.0.49,5353.0,10.42.0.13,5353.0,MDNS,174,"Standard query response 0x0000 TXT MSS210-9f39._hap._tcp.local, ""QU"" question TXT",0.000852
763,1152926.065358,10.42.0.13,50560.0,10.42.0.49,52432.0,TCP,54,50560  >  52432 [ACK] Seq=1 Ack=1 Win=65535 Len=0,0.001013
764,423003.43217,10.42.0.13,62692.0,10.42.0.49,52432.0,TCP,54,62626  >  52432 [ACK] Seq=163 Ack=221 Win=65535 Len=0,0.001537
765,422072.287915,10.42.0.49,52432.0,10.42.0.13,62612.0,TCP,54,52432  >  62621 [ACK] Seq=1 Ack=163 Win=5678 Len=0,0.125916
766,1156177.704436,10.42.0.49,5353.0,10.42.0.13,5353.0,MDNS,174,"Standard query response 0x0000 TXT MSS210-9f39._hap._tcp.local, ""QU"" question TXT",0.008676
767,1170584.044089,10.42.0.49,5353.0,10.42.0.13,5353.0,MDNS,174,"Standard query response 0x0000 TXT MSS210-9f39._hap._tcp.local, ""QU"" question TXT",0.009414
768,355633.002541,10.42.0.13,61818.0,10.42.0.49,52432.0,TCP,54,61836  >  52432 [ACK] Seq=497 Ack=1782 Win=65535 Len=0,0.001256
769,353509.100932,10.42.0.13,51387.0,10.42.0.28,80.0,TCP,54,51363  >  80 [ACK] Seq=482 Ack=103 Win=65535 Len=0,0.000104
770,1170360.108725,10.42.0.49,61395.0,99.81.71.200,443.0,TLSv1.2,539,Application Data,0.000852
771,238903.689512,10.42.0.13,51173.0,10.42.0.28,80.0,TCP,54,51157  >  80 [ACK] Seq=482 Ack=102 Win=65535 Len=0,0.000111
772,420255.126143,10.42.0.49,52432.0,10.42.0.13,62612.0,TCP,54,52432  >  62482 [ACK] Seq=1 Ack=163 Win=5678 Len=0,0.120189
773,238903.53024,10.42.0.13,50741.0,10.42.0.28,80.0,TCP,54,50340  >  80 [ACK] Seq=483 Ack=103 Win=65535 Len=0,0.000104
774,1147817.54219,10.42.0.49,52432.0,10.42.0.13,50894.0,TCP,54,52432  >  50532 [ACK] Seq=1781 Ack=497 Win=5344 Len=0,0.000174
775,350989.643757,10.42.0.13,51381.0,10.42.0.49,52432.0,TCP,54,59876  >  52432 [ACK] Seq=163 Ack=221 Win=65535 Len=0,0.001156
776,351019.53571,10.42.0.13,51361.0,10.42.0.28,80.0,TCP,54,51343  >  80 [ACK] Seq=1 Ack=1 Win=65535 Len=0,0.000109
777,355633.074216,10.42.0.49,5353.0,10.42.0.13,5353.0,MDNS,174,"Standard query response 0x0000 TXT MSS210-9f39._hap._tcp.local, ""QU"" question TXT",0.000183
778,1132277.418783,10.42.0.49,5353.0,10.42.0.13,5353.0,MDNS,174,"Standard query response 0x0000 TXT MSS210-9f39._hap._tcp.local, ""QU"" question TXT",0.000887
779,1132277.638367,10.42.0.13,50329.0,10.42.0.49,52432.0,TCP,54,50326  >  52432 [ACK] Seq=496 Ack=1781 Win=65535 Len=0,0.001556
780,1154175.680076,10.42.0.49,52432.0,10.42.0.13,50714.0,HTTP,1096,Continuation,0.006655
781,405153.246649,10.42.0.13,51490.0,10.42.0.28,80.0,TCP,54,51432  >  80 [ACK] Seq=515 Ack=104 Win=65535 Len=0,0.000105
782,1182027.684799,10.42.0.13,50912.0,10.42.0.49,52432.0,TCP,54,50990  >  52432 [ACK] Seq=163 Ack=221 Win=65535 Len=0,0.003245
783,1149932.999971,10.42.0.13,50524.0,10.42.0.49,52432.0,TCP,54,50549  >  52432 [ACK] Seq=1 Ack=1 Win=65535 Len=0,0.002676
784,1182027.894968,10.42.0.13,50990.0,10.42.0.49,52432.0,TCP,54,50948  >  52432 [ACK] Seq=1 Ack=1 Win=65535 Len=0,0.002559
785,351062.102578,10.42.0.13,51347.0,10.42.0.28,80.0,TCP,54,51371  >  80 [ACK] Seq=1 Ack=1 Win=65535 Len=0,0.004689
786,375292.115564,10.42.0.13,61802.0,10.42.0.49,52432.0,TCP,54,61808  >  52432 [ACK] Seq=496 Ack=1781 Win=65535 Len=0,0.003425
787,1171360.165858,10.42.0.49,52432.0,10.42.0.13,50619.0,TCP,54,52432  >  50614 [ACK] Seq=1 Ack=163 Win=5678 Len=0,0.102046
788,1170584.592899,10.42.0.13,50811.0,10.42.0.49,52432.0,TCP,54,50590  >  52432 [ACK] Seq=496 Ack=1344 Win=65535 Len=0,0.003103
789,351001.575021,10.42.0.13,51357.0,10.42.0.28,80.0,TCP,54,51351  >  80 [ACK] Seq=1 Ack=1 Win=65535 Len=0,0.00105
790,1182029.432899,10.42.0.13,59180.0,10.42.0.49,80.0,TCP,54,59199  >  80 [ACK] Seq=483 Ack=103 Win=65535 Len=0,0.001583
791,1155838.648077,10.42.0.49,61395.0,99.81.71.200,443.0,TLSv1.2,123,Application Data,18.726798
792,356507.459091,10.42.0.13,51383.0,10.42.0.28,80.0,TCP,54,51341  >  80 [ACK] Seq=1 Ack=1 Win=65535 Len=0,0.000107
793,255907.566235,10.42.0.13,52741.0,10.42.0.28,80.0,TCP,54,52752  >  80 [ACK] Seq=482 Ack=102 Win=65535 Len=0,0.000242
794,1145477.993153,10.42.0.49,52432.0,10.42.0.13,50575.0,HTTP,274,HTTP/1.1 200 OK  (application/pairing+tlv8),0.215817
795,373203.540359,10.42.0.13,5353.0,10.42.0.49,5353.0,MDNS,87,"Standard query 0x0000 TXT MSS210-9f39._hap._tcp.local, ""QU"" question",0.100234
796,242984.360553,10.42.0.13,59468.0,10.42.0.49,52432.0,TCP,54,59468  >  52432 [ACK] Seq=497 Ack=1782 Win=65535 Len=0,0.004446
797,248731.203435,10.42.0.28,80.0,10.42.0.13,51296.0,TCP,54,80  >  51292 [ACK] Seq=199 Ack=484 Win=2437 Len=0,0.002345
798,418617.126384,10.42.0.49,61389.0,54.216.1.110,443.0,TLSv1.2,123,Application Data,4.717356
799,1175838.657523,10.42.0.49,61395.0,99.81.71.200,443.0,TLSv1.2,539,Application Data,0.107923
800,1156507.558095,10.42.0.49,61395.0,99.81.71.200,443.0,TCP,54,61395  >  443 [ACK] Seq=10763 Ack=120219 Win=4570 Len=0,0.079217
801,250222.124669,10.42.0.28,80.0,10.42.0.13,52682.0,TCP,54,80  >  52740 [ACK] Seq=199 Ack=483 Win=2438 Len=0,0.002593
802,246304.052257,10.42.0.13,59448.0,10.42.0.49,52432.0,TCP,54,59484  >  52432 [ACK] Seq=496 Ack=1344 Win=65535 Len=0,0.000353
803,351024.610303,10.42.0.28,80.0,10.42.0.13,51387.0,TCP,58,"80  >  51385 [SYN, ACK] Seq=0 Ack=1 Win=2920 Len=0 MSS=1460",0.001118
804,350988.419771,10.42.0.49,5353.0,10.42.0.13,5353.0,MDNS,174,"Standard query response 0x0000 TXT MSS210-9f39._hap._tcp.local, ""QU"" question TXT",0.010293
805,249465.83559,10.42.0.49,52432.0,10.42.0.13,59489.0,HTTP,135,HTTP/1.1 200 OK  (application/pairing+tlv8),0.046772
806,1166691.594953,10.42.0.49,52432.0,10.42.0.13,50535.0,TCP,54,52432  >  50532 [ACK] Seq=1 Ack=163 Win=5678 Len=0,0.101248
807,1181202.589442,10.42.0.49,52432.0,10.42.0.13,50968.0,TCP,54,52432  >  50968 [ACK] Seq=1 Ack=163 Win=5678 Len=0,0.002513
808,1164621.229236,10.42.0.13,50525.0,10.42.0.49,52432.0,TCP,54,50552  >  52432 [ACK] Seq=496 Ack=1344 Win=65535 Len=0,0.003186
809,1132279.650913,10.42.0.49,52432.0,10.42.0.13,50326.0,TCP,54,52432  >  50320 [ACK] Seq=1 Ack=163 Win=5678 Len=0,0.104031
810,351019.102146,10.42.0.13,51387.0,10.42.0.28,80.0,TCP,54,51371  >  80 [ACK] Seq=1 Ack=1 Win=65535 Len=0,0.00425
811,1174947.740025,10.42.0.49,52432.0,10.42.0.13,50503.0,HTTP,135,HTTP/1.1 200 OK  (application/pairing+tlv8),0.045814
812,1167338.073149,10.42.0.49,5353.0,10.42.0.13,5353.0,MDNS,174,"Standard query response 0x0000 TXT MSS210-9f39._hap._tcp.local, ""QU"" question TXT",0.010334
813,1149341.33672,10.42.0.49,52432.0,10.42.0.13,50363.0,TCP,54,52432  >  50320 [ACK] Seq=1781 Ack=497 Win=5344 Len=0,0.002766
814,1171296.987573,10.42.0.13,50855.0,10.42.0.49,52432.0,TCP,54,50557  >  52432 [ACK] Seq=496 Ack=1781 Win=65535 Len=0,0.000145
815,1132277.971933,10.42.0.49,61395.0,99.81.71.200,443.0,TLSv1.2,539,Application Data,0.136982
816,1158383.27559,10.42.0.49,52432.0,10.42.0.13,50810.0,TCP,54,52432  >  50536 [ACK] Seq=1781 Ack=497 Win=5344 Len=0,0.001079
817,320015.334177,10.42.0.13,59617.0,10.42.0.49,80.0,TCP,54,50741  >  80 [ACK] Seq=483 Ack=103 Win=65535 Len=0,0.001012
818,1166231.05304,10.42.0.49,52432.0,10.42.0.13,50619.0,TCP,54,52432  >  50830 [ACK] Seq=1781 Ack=497 Win=5344 Len=0,0.003953
819,243591.933889,10.42.0.49,52432.0,10.42.0.13,59484.0,HTTP,1096,Continuation,0.007423
820,1178000.555094,10.42.0.49,52432.0,10.42.0.13,50535.0,TCP,54,52432  >  50526 [ACK] Seq=1 Ack=163 Win=5678 Len=0,0.003218
821,1134594.863549,10.42.0.49,5353.0,10.42.0.13,5353.0,MDNS,174,"Standard query response 0x0000 TXT MSS210-9f39._hap._tcp.local, ""QU"" question TXT",0.001087
822,375572.919388,10.42.0.13,5353.0,10.42.0.49,5353.0,MDNS,87,"Standard query 0x0000 TXT MSS210-9f39._hap._tcp.local, ""QU"" question",0.047027
823,1166721.382267,10.42.0.13,50859.0,10.42.0.49,52432.0,TCP,54,50826  >  52432 [ACK] Seq=414 Ack=302 Win=65535 Len=0,0.003138
824,361119.53332,10.42.0.13,61841.0,10.42.0.49,52432.0,TCP,54,61871  >  52432 [ACK] Seq=1 Ack=1 Win=65535 Len=0,0.003621
825,1170355.575478,10.42.0.49,5353.0,224.0.0.251,5353.0,MDNS,305,"Standard query response 0x0000 PTR MSS210-9f39._hap._tcp.local SRV, cache flush 0 0 52432 Meross_Smart_Plug.local TXT, cache flush A",
826,1162423.067776,10.42.0.49,5353.0,10.42.0.13,5353.0,MDNS,174,"Standard query response 0x0000 TXT MSS210-9f39._hap._tcp.local, ""QU"" question TXT",0.007811
827,361193.01131,10.42.0.13,59478.0,10.42.0.49,52432.0,TCP,54,59477  >  52432 [ACK] Seq=497 Ack=1782 Win=65535 Len=0,0.003295
828,1174291.424955,10.42.0.13,50526.0,10.42.0.49,52432.0,TCP,54,50524  >  52432 [ACK] Seq=414 Ack=302 Win=65535 Len=0,0.005499
829,318202.671979,10.42.0.13,59195.0,10.42.0.28,80.0,TCP,54,59179  >  80 [ACK] Seq=1 Ack=1 Win=65535 Len=0,0.00155
830,351019.810218,10.42.0.28,80.0,10.42.0.13,51365.0,TCP,58,"80  >  51383 [SYN, ACK] Seq=0 Ack=1 Win=2920 Len=0 MSS=1460",0.000112
831,1177055.441942,10.42.0.49,52432.0,10.42.0.13,50526.0,HTTP,135,HTTP/1.1 200 OK  (application/pairing+tlv8),0.044887
832,1182037.120297,10.42.0.13,59185.0,10.42.0.49,52432.0,TCP,54,50948  >  52432 [ACK] Seq=496 Ack=1781 Win=65535 Len=0,0.002513
833,412681.659814,10.42.0.13,62464.0,10.42.0.49,52432.0,TCP,54,62468  >  52432 [ACK] Seq=496 Ack=1781 Win=65535 Len=0,0.003139
834,255907.640911,10.42.0.13,52746.0,10.42.0.28,80.0,TCP,54,52741  >  80 [ACK] Seq=482 Ack=102 Win=65535 Len=0,0.000104
835,1161217.842211,10.42.0.13,50995.0,10.42.0.49,52432.0,TCP,54,50999  >  52432 [ACK] Seq=496 Ack=1344 Win=65535 Len=0,0.001773
836,1153447.970254,10.42.0.49,5353.0,10.42.0.13,5353.0,MDNS,174,"Standard query response 0x0000 TXT MSS210-9f39._hap._tcp.local, ""QU"" question TXT",0.010987
837,318203.515513,10.42.0.28,55988.0,34.241.185.170,443.0,TLSv1.2,123,Application Data,0.012536
838,1165693.704233,10.42.0.49,61395.0,99.81.71.200,443.0,TLSv1.2,539,Application Data,0.01341
839,1134871.541413,10.42.0.49,61395.0,99.81.71.200,443.0,TCP,54,61395  >  443 [ACK] Seq=23547 Ack=31505 Win=5111 Len=0,0.271256
840,353509.652012,10.42.0.28,55988.0,34.241.185.170,443.0,TCP,54,55988  >  443 [ACK] Seq=15245 Ack=1073 Win=2471 Len=0,0.004566
841,1132277.715221,10.42.0.13,65051.0,10.42.0.49,52432.0,TCP,54,50555  >  52432 [ACK] Seq=414 Ack=302 Win=65535 Len=0,0.001014
842,1167231.910327,10.42.0.49,61395.0,99.81.71.200,443.0,TLSv1.2,555,Application Data,0.009999
843,1132277.321967,10.42.0.49,52432.0,10.42.0.13,50329.0,TCP,54,52432  >  50320 [ACK] Seq=1781 Ack=497 Win=5344 Len=0,0.004592
844,1132277.525812,10.42.0.13,50326.0,10.42.0.28,80.0,TCP,54,65052  >  80 [ACK] Seq=483 Ack=103 Win=65535 Len=0,0.003456
845,351019.924657,10.42.0.13,51387.0,10.42.0.28,80.0,TCP,54,51394  >  80 [ACK] Seq=515 Ack=104 Win=65535 Len=0,0.000111
846,1163980.883251,10.42.0.49,61395.0,99.81.71.200,443.0,TLSv1.2,539,Application Data,0.137354
847,405089.077112,10.42.0.28,80.0,10.42.0.13,51461.0,TCP,54,80  >  51465 [ACK] Seq=1 Ack=483 Win=2438 Len=0,0.002575
848,1155828.028576,10.42.0.49,61395.0,99.81.71.200,443.0,TLSv1.2,539,Application Data,0.10253
849,351019.906375,10.42.0.28,80.0,10.42.0.13,51364.0,TCP,58,"80  >  51365 [SYN, ACK] Seq=0 Ack=1 Win=2920 Len=0 MSS=1460",0.000117
850,1175581.046047,10.42.0.49,52432.0,10.42.0.13,50505.0,TCP,54,52432  >  50505 [ACK] Seq=1781 Ack=497 Win=5344 Len=0,0.000355
851,324937.030277,10.42.0.13,61917.0,10.42.0.49,52432.0,TCP,54,61927  >  52432 [ACK] Seq=496 Ack=1781 Win=65535 Len=0,0.000132
852,351019.630121,10.42.0.28,80.0,10.42.0.13,51369.0,TCP,58,"80  >  51359 [SYN, ACK] Seq=0 Ack=1 Win=2920 Len=0 MSS=1460",0.001025
853,1174182.174872,10.42.0.49,52432.0,10.42.0.13,50856.0,TCP,54,[TCP Keep-Alive ACK] 52432  >  50581 [ACK] Seq=1781 Ack=496 Win=5345 Len=0,0.00
854,1170555.551692,10.42.0.49,5353.0,10.42.0.13,5353.0,MDNS,270,"Standard query response 0x0000 PTR _hap._tcp.local, ""QU"" question PTR MSS210-9f39._hap._tcp.local SRV 0 0 52432 Meross_Smart_Pl",
855,418617.54155,10.42.0.49,61389.0,54.216.1.110,443.0,TLSv1.2,539,Application Data,0.106947
856,1166839.999954,10.42.0.49,52432.0,10.42.0.13,50535.0,TCP,54,52432  >  50595 [ACK] Seq=1781 Ack=497 Win=5344 Len=0,0.000466
857,1177421.654572,10.42.0.49,61395.0,99.81.71.200,443.0,TCP,54,61395  >  443 [ACK] Seq=25177 Ack=165089 Win=5840 Len=0,0.107018
858,1167036.589284,10.42.0.49,61395.0,99.81.71.200,443.0,TLSv1.2,123,Application Data,19.942692
859,1174894.578584,10.42.0.13,50815.0,10.42.0.49,52432.0,TCP,54,50553  >  52432 [ACK] Seq=496 Ack=1344 Win=65535 Len=0,0.003929
860,351019.080653,10.42.0.28,80.0,10.42.0.13,51382.0,TCP,58,"80  >  51383 [SYN, ACK] Seq=0 Ack=1 Win=2920 Len=0 MSS=1460",0.001036
861,1157862.993059,10.42.0.49,61395.0,99.81.71.200,443.0,TLSv1.2,555,Application Data,0.000994
862,1170555.055755,10.42.0.13,52481.0,10.42.0.49,52432.0,TCP,54,50551  >  52432 [ACK] Seq=496 Ack=1781 Win=65535 Len=0,0.001074
863,350985.140857,10.42.0.28,80.0,10.42.0.13,51388.0,TCP,58,"80  >  51351 [SYN, ACK] Seq=0 Ack=1 Win=2920 Len=0 MSS=1460",0.000108
864,1171296.06569,10.42.0.49,5353.0,10.42.0.13,5353.0,MDNS,174,"Standard query response 0x0000 TXT MSS210-9f39._hap._tcp.local, ""QU"" question TXT",0.003535
865,1170555.85692,10.42.0.49,5353.0,10.42.0.13,5353.0,MDNS,174,"Standard query response 0x0000 TXT MSS210-9f39._hap._tcp.local, ""QU"" question TXT",0.005368
866,350985.811258,10.42.0.28,80.0,10.42.0.13,51341.0,TCP,58,"80  >  51348 [SYN, ACK] Seq=0 Ack=1 Win=2920 Len=0 MSS=1460",0.000104
867,1154000.460613,10.42.0.49,52432.0,10.42.0.13,50505.0,TCP,58,"52432  >  50536 [SYN, ACK] Seq=0 Ack=1 Win=5840 Len=0 MSS=1460",0.00011
868,410992.19247,10.42.0.13,62484.0,10.42.0.49,52432.0,TCP,54,62484  >  52432 [ACK] Seq=496 Ack=1781 Win=65535 Len=0,0.005889
869,1149400.193065,10.42.0.13,50524.0,10.42.0.49,52432.0,TCP,54,50526  >  52432 [ACK] Seq=1 Ack=1 Win=65535 Len=0,0.003511
870,1163393.669763,10.42.0.49,61395.0,99.81.71.200,443.0,TLSv1.2,539,Application Data,0.135365
871,1176469.142972,10.42.0.49,5353.0,10.42.0.13,5353.0,MDNS,174,"Standard query response 0x0000 TXT MSS210-9f39._hap._tcp.local, ""QU"" question TXT",0.001125
872,351019.306559,10.42.0.28,80.0,10.42.0.13,51342.0,TCP,54,80  >  51382 [ACK] Seq=1 Ack=483 Win=2438 Len=0,0.002447
873,1174743.70815,10.42.0.49,5353.0,224.0.0.251,5353.0,MDNS,305,"Standard query response 0x0000 PTR MSS210-9f39._hap._tcp.local SRV, cache flush 0 0 52432 Meross_Smart_Plug.local TXT, cache flush A,",
874,422076.000924,10.42.0.13,64460.0,10.42.0.49,52432.0,TCP,54,62600  >  52432 [ACK] Seq=496 Ack=1781 Win=65535 Len=0,0.001439
875,1176185.047329,10.42.0.49,61395.0,99.81.71.200,443.0,TLSv1.2,539,Application Data,0.002188
876,1170349.679084,10.42.0.49,61395.0,99.81.71.200,443.0,TLSv1.2,555,Application Data,0.106054
877,1132277.343036,10.42.0.13,50392.0,10.42.0.49,52432.0,TCP,54,50326  >  52432 [ACK] Seq=496 Ack=1781 Win=65535 Len=0,0.000239
878,255902.123713,10.42.0.28,80.0,10.42.0.13,52733.0,TCP,54,80  >  52772 [ACK] Seq=1 Ack=482 Win=2439 Len=0,0.001161
879,1166723.09037,10.42.0.49,61395.0,99.81.71.200,443.0,TLSv1.2,539,Application Data,0.133295
880,1174778.423129,10.42.0.49,5353.0,10.42.0.13,5353.0,MDNS,174,"Standard query response 0x0000 TXT MSS210-9f39._hap._tcp.local, ""QU"" question TXT",0.000242
881,351024.390335,10.42.0.13,51387.0,10.42.0.28,80.0,TCP,54,51383  >  80 [ACK] Seq=483 Ack=103 Win=65535 Len=0,0.000107
882,1141424.896067,10.42.0.49,5353.0,10.42.0.13,5353.0,MDNS,174,"Standard query response 0x0000 TXT MSS210-9f39._hap._tcp.local, ""QU"" question TXT",0.010732
883,247092.666947,10.42.0.49,5353.0,10.42.0.13,5353.0,MDNS,174,"Standard query response 0x0000 TXT MSS210-9f39._hap._tcp.local, ""QU"" question TXT",0.007553
884,1132277.99668,10.42.0.49,61395.0,99.81.71.200,443.0,TLSv1.2,539,Application Data,0.041584
885,351019.538289,10.42.0.13,51363.0,10.42.0.28,80.0,TCP,54,51383  >  80 [ACK] Seq=1 Ack=1 Win=65535 Len=0,0.000104
886,351015.581312,10.42.0.49,5353.0,10.42.0.13,5353.0,MDNS,174,"Standard query response 0x0000 TXT MSS210-9f39._hap._tcp.local, ""QU"" question TXT",0.000112
887,1141422.021364,10.42.0.49,52432.0,10.42.0.13,50504.0,HTTP,135,HTTP/1.1 200 OK  (application/pairing+tlv8),0.041174
888,418617.761429,10.42.0.49,52432.0,10.42.0.13,62549.0,TCP,54,52432  >  62489 [ACK] Seq=1 Ack=163 Win=5678 Len=0,0.003766
889,1175698.598636,10.42.0.49,5353.0,10.42.0.13,5353.0,MDNS,174,"Standard query response 0x0000 TXT MSS210-9f39._hap._tcp.local, ""QU"" question TXT",0.000523
890,315228.850058,10.42.0.49,61388.0,54.216.1.110,443.0,TCP,54,61388  >  443 [ACK] Seq=15281 Ack=28840 Win=5111 Len=0,0.234077
891,350988.99353,10.42.0.49,52432.0,10.42.0.13,61895.0,HTTP,135,HTTP/1.1 200 OK  (application/pairing+tlv8),0.045245
892,255902.410021,10.42.0.13,59807.0,10.42.0.28,80.0,TCP,54,51296  >  80 [ACK] Seq=482 Ack=102 Win=65535 Len=0,0.000105
893,1132280.880685,10.42.0.49,61395.0,99.81.71.200,443.0,TLSv1.2,123,Application Data,36.25524
894,1145314.797864,10.42.0.49,52432.0,10.42.0.13,50504.0,TCP,54,52432  >  50532 [ACK] Seq=1 Ack=163 Win=5678 Len=0,0.001017
895,355633.875411,10.42.0.13,61854.0,10.42.0.49,52432.0,TCP,54,61854  >  52432 [ACK] Seq=496 Ack=1781 Win=65535 Len=0,0.003104
896,351064.820601,10.42.0.13,51349.0,10.42.0.28,80.0,TCP,54,51341  >  80 [ACK] Seq=515 Ack=104 Win=65535 Len=0,0.000257
897,1170554.280682,10.42.0.49,52432.0,10.42.0.13,50757.0,TCP,54,52432  >  50548 [ACK] Seq=1781 Ack=497 Win=5344 Len=0,0.000832
898,1155555.63062,10.42.0.49,61395.0,99.81.71.200,443.0,TLSv1.2,555,Application Data,0.098198
899,1145426.58149,10.42.0.49,61395.0,99.81.71.200,443.0,TLSv1.2,555,Application Data,0.091818
900,350639.094796,10.42.0.13,51719.0,10.42.0.28,80.0,TCP,54,51394  >  80 [ACK] Seq=1 Ack=1 Win=65535 Len=0,0.006045
901,1148629.99999,10.42.0.49,52432.0,10.42.0.13,50895.0,TCP,54,52432  >  50532 [ACK] Seq=1781 Ack=497 Win=5344 Len=0,0.000393
902,1151423.719796,10.42.0.49,52432.0,10.42.0.13,50560.0,HTTP,135,HTTP/1.1 200 OK  (application/pairing+tlv8),0.046847
903,1176739.520912,10.42.0.49,61395.0,99.81.71.200,443.0,TLSv1.2,539,Application Data,0.105417
904,1167073.292511,10.42.0.13,50756.0,10.42.0.49,52432.0,TCP,54,50750  >  52432 [ACK] Seq=496 Ack=1781 Win=65535 Len=0,0.000108
905,1176929.80038,10.42.0.13,58659.0,10.42.0.49,52432.0,TCP,54,58681  >  52432 [ACK] Seq=497 Ack=1782 Win=65535 Len=0,0.000105
906,1132277.403078,10.42.0.13,50383.0,10.42.0.49,52432.0,TCP,54,50383  >  52432 [ACK] Seq=496 Ack=1344 Win=65535 Len=0,0.000122
907,263435.715254,10.42.0.49,52432.0,10.42.0.13,59769.0,HTTP,135,HTTP/1.1 200 OK  (application/pairing+tlv8),0.044684
908,1183202.994179,10.42.0.13,5353.0,10.42.0.49,5353.0,MDNS,87,"Standard query 0x0000 TXT MSS210-9f39._hap._tcp.local, ""QU"" question",0.010756
909,1149411.56572,10.42.0.49,52432.0,10.42.0.13,50505.0,HTTP,491,Continuation,0.004505
910,1155825.872834,10.42.0.49,61395.0,99.81.71.200,443.0,TLSv1.2,539,Application Data,0.115335
911,428600.62935,10.42.0.13,62892.0,10.42.0.49,52432.0,TCP,54,62628  >  52432 [ACK] Seq=496 Ack=1781 Win=65535 Len=0,0.000192
912,1156061.645885,10.42.0.49,61395.0,99.81.71.200,443.0,TCP,54,61395  >  443 [ACK] Seq=32466 Ack=134008 Win=4589 Len=0,0.005339
913,320084.081185,10.42.0.13,59682.0,10.42.0.49,52432.0,TCP,54,59696  >  52432 [ACK] Seq=496 Ack=1781 Win=65535 Len=0,0.003655
914,1158388.63399,10.42.0.49,61395.0,99.81.71.200,443.0,TLSv1.2,539,Application Data,0.132301
915,428600.061697,10.42.0.49,61389.0,54.216.1.110,443.0,TLSv1.2,539,Application Data,0.102185
916,1165693.046031,10.42.0.49,52432.0,10.42.0.13,50610.0,TCP,54,52432  >  50614 [ACK] Seq=1 Ack=163 Win=5678 Len=0,0.10255
917,1132277.770623,10.42.0.49,61395.0,99.81.71.200,443.0,TCP,54,61395  >  443 [ACK] Seq=28746 Ack=195019 Win=5702 Len=0,0.232497
918,351008.40013,10.42.0.13,51353.0,10.42.0.28,80.0,TCP,54,51351  >  80 [ACK] Seq=1 Ack=1 Win=65535 Len=0,0.000105
919,350988.13845,10.42.0.49,52432.0,10.42.0.13,61819.0,HTTP,1096,Continuation,0.008179
920,1154266.130326,10.42.0.49,52432.0,10.42.0.13,50535.0,TCP,54,52432  >  50532 [ACK] Seq=1 Ack=163 Win=5678 Len=0,0.205862
921,1143451.441553,10.42.0.49,5353.0,10.42.0.13,5353.0,MDNS,174,"Standard query response 0x0000 TXT MSS210-9f39._hap._tcp.local, ""QU"" question TXT",0.005522
922,351019.670061,10.42.0.28,80.0,10.42.0.13,51367.0,TCP,58,"80  >  51360 [SYN, ACK] Seq=0 Ack=1 Win=2920 Len=0 MSS=1460",0.001328
923,1164531.999062,10.42.0.49,5353.0,10.42.0.13,5353.0,MDNS,174,"Standard query response 0x0000 TXT MSS210-9f39._hap._tcp.local, ""QU"" question TXT",0.00851
924,428731.87863,10.42.0.49,52432.0,10.42.0.13,62915.0,TCP,54,52432  >  62589 [ACK] Seq=1781 Ack=497 Win=5344 Len=0,0.003966
925,1132277.420325,10.42.0.13,50326.0,10.42.0.49,52432.0,TCP,54,50326  >  52432 [ACK] Seq=496 Ack=1781 Win=65535 Len=0,0.000152
926,1166739.505689,10.42.0.49,61395.0,99.81.71.200,443.0,TLSv1.2,539,Application Data,0.123308
927,1170555.065366,10.42.0.49,5353.0,224.0.0.251,5353.0,MDNS,305,"Standard query response 0x0000 PTR MSS210-9f39._hap._tcp.local SRV, cache flush 0 0 52432 Meross_Smart_Plug.local TXT, cache flush A",
928,233044.605821,10.42.0.13,50727.0,10.42.0.49,80.0,TCP,54,50707  >  80 [ACK] Seq=483 Ack=103 Win=65535 Len=0,0.000105
929,1150941.566952,10.42.0.49,52432.0,10.42.0.13,50575.0,HTTP,274,HTTP/1.1 200 OK  (application/pairing+tlv8),0.045715
930,1182027.965095,10.42.0.13,50911.0,10.42.0.49,52432.0,TCP,54,50949  >  52432 [ACK] Seq=497 Ack=1782 Win=65535 Len=0,0.003753
931,1145378.660728,10.42.0.13,50526.0,10.42.0.49,52432.0,TCP,54,50526  >  52432 [ACK] Seq=497 Ack=1782 Win=65535 Len=0,0.003274
932,1132280.315133,10.42.0.13,50393.0,10.42.0.49,52432.0,TCP,54,50326  >  52432 [ACK] Seq=496 Ack=1781 Win=65535 Len=0,0.002613
933,351015.66463,10.42.0.28,80.0,10.42.0.13,51378.0,TCP,58,"80  >  51387 [SYN, ACK] Seq=0 Ack=1 Win=2920 Len=0 MSS=1460",0.001018
934,1143446.06019,10.42.0.49,5353.0,224.0.0.251,5353.0,MDNS,305,"Standard query response 0x0000 PTR MSS210-9f39._hap._tcp.local SRV, cache flush 0 0 52432 Meross_Smart_Plug.local TXT, cache flush A,",
935,316035.625264,10.42.0.49,5353.0,10.42.0.13,5353.0,MDNS,174,"Standard query response 0x0000 TXT MSS210-9f39._hap._tcp.local, ""QU"" question TXT",0.005046
936,1149566.415284,10.42.0.49,61395.0,99.81.71.200,443.0,TLSv1.2,555,Application Data,0.110118
937,351019.612391,10.42.0.28,80.0,10.42.0.13,51387.0,TCP,54,80  >  51383 [ACK] Seq=1 Ack=482 Win=2438 Len=0,0.001108
938,351002.126069,10.42.0.13,51347.0,10.42.0.28,80.0,TCP,54,51346  >  80 [ACK] Seq=1 Ack=1 Win=65535 Len=0,0.000105
939,351024.904129,10.42.0.13,51353.0,10.42.0.28,80.0,TCP,54,51341  >  80 [ACK] Seq=1 Ack=1 Win=65535 Len=0,0.00425
940,1141496.463403,10.42.0.49,52432.0,10.42.0.13,50505.0,TCP,54,52432  >  50505 [ACK] Seq=1 Ack=163 Win=5678 Len=0,0.102375
941,351019.412315,10.42.0.28,80.0,10.42.0.13,51387.0,TCP,54,80  >  51371 [ACK] Seq=1 Ack=483 Win=2438 Len=0,0.002523
942,1178006.696565,10.42.0.49,5353.0,10.42.0.13,5353.0,MDNS,174,"Standard query response 0x0000 TXT MSS210-9f39._hap._tcp.local, ""QU"" question TXT",0.000785
943,1162154.41242,10.42.0.49,52432.0,10.42.0.13,50505.0,TCP,54,52432  >  50551 [ACK] Seq=1 Ack=163 Win=5678 Len=0,0.003142
944,1178000.461976,10.42.0.49,5353.0,10.42.0.13,5353.0,MDNS,174,"Standard query response 0x0000 TXT MSS210-9f39._hap._tcp.local, ""QU"" question TXT",0.010276
945,1149071.047457,10.42.0.49,5353.0,10.42.0.13,5353.0,MDNS,174,"Standard query response 0x0000 TXT MSS210-9f39._hap._tcp.local, ""QU"" question TXT",0.001125
946,1182036.060927,10.42.0.49,61395.0,99.81.71.200,443.0,TLSv1.2,123,Application Data,12.158715
947,351019.363781,10.42.0.13,51387.0,10.42.0.28,80.0,TCP,54,51381  >  80 [ACK] Seq=483 Ack=103 Win=65535 Len=0,0.000107
948,350988.198051,10.42.0.28,80.0,10.42.0.13,51341.0,TCP,54,80  >  51333 [ACK] Seq=1 Ack=483 Win=2438 Len=0,0.001013
949,1149494.542922,10.42.0.49,52432.0,10.42.0.13,50541.0,TCP,54,52432  >  50549 [ACK] Seq=1781 Ack=497 Win=5344 Len=0,0.000215
950,1132277.718333,10.42.0.13,50329.0,10.42.0.49,52432.0,TCP,54,50320  >  52432 [ACK] Seq=497 Ack=1782 Win=65535 Len=0,0.003373
951,1162131.455263,10.42.0.49,52432.0,10.42.0.13,50570.0,HTTP,1096,Continuation,0.006632
952,1164566.537745,10.42.0.49,61395.0,99.81.71.200,443.0,TLSv1.2,539,Application Data,0.109272
953,1144531.13642,10.42.0.49,52432.0,10.42.0.13,50541.0,TCP,54,52432  >  50504 [ACK] Seq=1781 Ack=497 Win=5344 Len=0,0.001692
954,1178006.19825,10.42.0.49,61395.0,99.81.71.200,443.0,TLSv1.2,123,Application Data,10.02281
955,1149007.511492,10.42.0.49,61395.0,99.81.71.200,443.0,TCP,54,61395  >  443 [ACK] Seq=22556 Ack=180797 Win=5840 Len=0,0.114518
956,320015.47751,10.42.0.13,59601.0,10.42.0.28,80.0,TCP,54,59650  >  80 [ACK] Seq=1 Ack=1 Win=65535 Len=0,0.000105
957,1161926.645732,10.42.0.49,5353.0,10.42.0.13,5353.0,MDNS,174,"Standard query response 0x0000 TXT MSS210-9f39._hap._tcp.local, ""QU"" question TXT",0.000252
958,405060.334888,10.42.0.13,51442.0,10.42.0.28,80.0,TCP,54,51440  >  80 [ACK] Seq=483 Ack=102 Win=65535 Len=0,0.000105
959,1158386.573331,10.42.0.49,61395.0,99.81.71.200,443.0,TLSv1.2,123,Application Data,1.237515
960,1158255.777178,10.42.0.49,61395.0,99.81.71.200,443.0,TLSv1.2,123,Application Data,0.036535
961,1178000.86416,10.42.0.49,61395.0,99.81.71.200,443.0,TLSv1.2,539,Application Data,0.099226
962,3742.012629,10.42.0.49,80.0,10.42.0.140,60288.0,TCP,54,80  >  60280 [ACK] Seq=1 Ack=583 Win=5259 Len=0,0.001019
963,1132277.586146,10.42.0.13,50526.0,10.42.0.49,52432.0,TCP,54,50562  >  52432 [ACK] Seq=414 Ack=302 Win=65535 Len=0,0.003563
964,1132277.583318,10.42.0.49,61395.0,99.81.71.200,443.0,TCP,54,61395  >  443 [ACK] Seq=22793 Ack=177361 Win=5111 Len=0,0.161521
965,351024.570698,10.42.0.13,51349.0,10.42.0.28,80.0,TCP,54,51349  >  80 [ACK] Seq=1 Ack=1 Win=65535 Len=0,0.004051
966,372088.003218,10.42.0.13,61904.0,10.42.0.49,52432.0,TCP,54,60904  >  52432 [ACK] Seq=163 Ack=221 Win=65535 Len=0,0.000112
967,1157757.904871,10.42.0.49,61395.0,99.81.71.200,443.0,TLSv1.2,123,Application Data,0.000118
968,1155350.659119,10.42.0.13,50575.0,10.42.0.49,52432.0,TCP,54,50552  >  52432 [ACK] Seq=414 Ack=302 Win=65535 Len=0,0.000155
969,351019.585946,10.42.0.13,51387.0,10.42.0.28,80.0,TCP,54,51353  >  80 [ACK] Seq=482 Ack=102 Win=65535 Len=0,0.000117
970,1166739.517762,10.42.0.13,50706.0,10.42.0.49,52432.0,TCP,54,50762  >  52432 [ACK] Seq=414 Ack=302 Win=65535 Len=0,0.000765
971,1132277.995271,10.42.0.49,61395.0,99.81.71.200,443.0,TLSv1.2,539,Application Data,0.098585
972,1155705.50064,10.42.0.13,5353.0,10.42.0.49,5353.0,MDNS,87,"Standard query 0x0000 TXT MSS210-9f39._hap._tcp.local, ""QU"" question",0.000102
973,1147178.904392,10.42.0.49,52432.0,10.42.0.13,50856.0,TCP,54,52432  >  50857 [ACK] Seq=1781 Ack=497 Win=5344 Len=0,0.001011
974,1136663.684584,10.42.0.49,52432.0,10.42.0.13,50602.0,HTTP,1096,Continuation,0.006411
975,1175838.416664,10.42.0.49,52432.0,10.42.0.13,50940.0,TCP,54,52432  >  50538 [ACK] Seq=1781 Ack=497 Win=5344 Len=0,0.004967
976,1174954.552243,10.42.0.13,50551.0,10.42.0.49,52432.0,TCP,54,50551  >  52432 [ACK] Seq=496 Ack=1344 Win=65535 Len=0,0.003151
977,1132277.635074,10.42.0.13,50322.0,10.42.0.49,52432.0,TCP,54,50326  >  52432 [ACK] Seq=496 Ack=1781 Win=65535 Len=0,0.007876
978,1152297.287465,10.42.0.49,52432.0,10.42.0.13,50550.0,TCP,54,52432  >  50535 [ACK] Seq=1781 Ack=497 Win=5344 Len=0,0.000365
979,423920.460014,10.42.0.49,52432.0,10.42.0.13,62716.0,TCP,54,52432  >  62476 [ACK] Seq=1 Ack=163 Win=5678 Len=0,0.131296
980,1153607.410667,10.42.0.49,52432.0,10.42.0.13,50507.0,TCP,54,52432  >  50604 [ACK] Seq=1 Ack=163 Win=5678 Len=0,0.130139
981,1170360.685889,10.42.0.49,61395.0,99.81.71.200,443.0,TLSv1.2,555,Application Data,0.107141
982,316032.815166,10.42.0.28,55987.0,52.212.130.239,443.0,TLSv1.2,123,Application Data,11.237345
983,1166693.702432,10.42.0.49,61395.0,99.81.71.200,443.0,TLSv1.2,539,Application Data,0.12366
984,1174789.537933,10.42.0.49,52432.0,10.42.0.13,50893.0,TCP,54,52432  >  50838 [ACK] Seq=1781 Ack=497 Win=5344 Len=0,0.000187
985,350982.120557,10.42.0.13,61813.0,10.42.0.49,52432.0,TCP,54,61808  >  52432 [ACK] Seq=163 Ack=221 Win=65535 Len=0,0.000273
986,418617.440324,10.42.0.13,62492.0,10.42.0.49,52432.0,TCP,54,62462  >  52432 [ACK] Seq=1 Ack=1 Win=65535 Len=0,0.002925
987,1157293.252113,10.42.0.13,50555.0,10.42.0.49,52432.0,TCP,54,50551  >  52432 [ACK] Seq=496 Ack=1344 Win=65535 Len=0,0.004733
988,350985.181157,10.42.0.13,51347.0,10.42.0.28,80.0,TCP,54,51341  >  80 [ACK] Seq=483 Ack=103 Win=65535 Len=0,0.001053
989,1161946.66839,10.42.0.13,50639.0,10.42.0.49,52432.0,TCP,54,50963  >  52432 [ACK] Seq=497 Ack=1782 Win=65535 Len=0,0.003163
990,418617.768346,10.42.0.49,61389.0,54.216.1.110,443.0,TLSv1.2,539,Application Data,0.095393
991,1178003.426198,10.42.0.13,50919.0,10.42.0.49,52432.0,TCP,54,50995  >  52432 [ACK] Seq=1 Ack=1 Win=65535 Len=0,0.003018
992,1178000.948048,10.42.0.13,52685.0,10.42.0.49,52432.0,TCP,54,50948  >  52432 [ACK] Seq=1 Ack=1 Win=65535 Len=0,0.002554
993,1158388.65337,10.42.0.49,61395.0,99.81.71.200,443.0,TCP,54,61395  >  443 [ACK] Seq=30722 Ack=115618 Win=5840 Len=0,0.107823
994,1178003.854144,10.42.0.49,52432.0,10.42.0.13,50941.0,HTTP,135,HTTP/1.1 200 OK  (application/pairing+tlv8),0.042091
995,1166393.75302,10.42.0.49,5353.0,10.42.0.13,5353.0,MDNS,174,"Standard query response 0x0000 TXT MSS210-9f39._hap._tcp.local, ""QU"" question TXT",0.000993
996,1132277.527194,10.42.0.13,50329.0,10.42.0.49,52432.0,TCP,54,50326  >  52432 [ACK] Seq=496 Ack=1781 Win=65535 Len=0,0.003513
997,1150829.641777,10.42.0.49,52432.0,10.42.0.13,50550.0,TCP,54,52432  >  50532 [ACK] Seq=1 Ack=163 Win=5678 Len=0,0.002364
998,351061.459672,10.42.0.13,51387.0,10.42.0.28,80.0,TCP,54,51385  >  80 [ACK] Seq=1 Ack=1 Win=65535 Len=0,0.000107
999,1167129.803028,10.42.0.49,61395.0,99.81.71.200,443.0,TLSv1.2,539,Application Data,0.104858
1000,1145317.506323,10.42.0.49,52432.0,10.42.0.13,50554.0,TCP,54,"52432  >  50505 [FIN, ACK] Seq=1781 Ack=497 Win=5344 Len=0",0.000251
1001,1137800.394547,10.42.0.49,5353.0,10.42.0.13,5353.0,MDNS,174,"Standard query response 0x0000 TXT MSS210-9f39._hap._tcp.local, ""QU"" question TXT",0.001081
1002,1131125.410641,10.42.0.49,5353.0,10.42.0.13,5353.0,MDNS,174,"Standard query response 0x0000 TXT MSS210-9f39._hap._tcp.local, ""QU"" question TXT",0.001252
1003,420005.381755,10.42.0.13,51463.0,10.42.0.28,80.0,TCP,54,51434  >  80 [ACK] Seq=515 Ack=104 Win=65535 Len=0,0.000105
1004,1166907.632123,10.42.0.49,61395.0,99.81.71.200,443.0,TCP,54,61395  >  443 [ACK] Seq=32866 Ack=22214 Win=5702 Len=0,0.009716
1005,1152909.355883,10.42.0.49,52432.0,10.42.0.13,50541.0,TCP,54,[TCP Keep-Alive ACK] 52432  >  50594 [ACK] Seq=1781 Ack=496 Win=5345 Len=0,0.00
1006,351019.673789,10.42.0.28,80.0,10.42.0.13,51392.0,TCP,58,"80  >  51381 [SYN, ACK] Seq=0 Ack=1 Win=2920 Len=0 MSS=1460",0.001289
1007,1142949.652049,10.42.0.49,5353.0,10.42.0.13,5353.0,MDNS,174,"Standard query response 0x0000 TXT MSS210-9f39._hap._tcp.local, ""QU"" question TXT",0.001189
1008,351024.248377,10.42.0.49,5353.0,10.42.0.13,5353.0,MDNS,174,"Standard query response 0x0000 TXT MSS210-9f39._hap._tcp.local, ""QU"" question TXT",0.001187
1009,324132.305989,10.42.0.13,59468.0,10.42.0.49,52432.0,TCP,54,59468  >  52432 [ACK] Seq=496 Ack=1781 Win=65535 Len=0,0.003466
1010,351019.078653,10.42.0.49,52432.0,10.42.0.13,61827.0,TCP,54,52432  >  61871 [ACK] Seq=1781 Ack=497 Win=5344 Len=0,0.001267
1011,422072.392344,10.42.0.49,52432.0,10.42.0.13,62762.0,TCP,54,52432  >  62627 [ACK] Seq=1781 Ack=497 Win=5344 Len=0,0.003996
1012,351024.92905,10.42.0.13,51349.0,10.42.0.28,80.0,TCP,54,51395  >  80 [ACK] Seq=1 Ack=1 Win=65535 Len=0,0.000101
1013,1166691.52342,10.42.0.49,61395.0,99.81.71.200,443.0,TLSv1.2,539,Application Data,0.123986
1014,1132277.500655,10.42.0.49,61395.0,99.81.71.200,443.0,TCP,54,61395  >  443 [ACK] Seq=32576 Ack=13568 Win=5845 Len=0,0.004978
1015,3741.41693,10.42.0.28,58270.0,52.212.130.239,443.0,TLSv1.2,123,Application Data,0.038389
1016,351019.330851,10.42.0.28,80.0,10.42.0.13,51387.0,TCP,54,80  >  51382 [ACK] Seq=1 Ack=483 Win=2438 Len=0,0.002519
1017,1136315.731117,10.42.0.49,5353.0,10.42.0.13,5353.0,MDNS,174,"Standard query response 0x0000 TXT MSS210-9f39._hap._tcp.local, ""QU"" question TXT",0.002255
1018,350988.250977,10.42.0.13,51341.0,10.42.0.28,80.0,TCP,54,51383  >  80 [ACK] Seq=514 Ack=104 Win=65535 Len=0,0.002893
1019,1166723.762351,10.42.0.49,52432.0,10.42.0.13,50855.0,TCP,54,52432  >  50820 [ACK] Seq=1 Ack=163 Win=5678 Len=0,0.00105
1020,351019.68524,10.42.0.13,51387.0,10.42.0.28,80.0,TCP,54,51385  >  80 [ACK] Seq=483 Ack=103 Win=65535 Len=0,0.000105
1021,255907.632788,10.42.0.13,52986.0,10.42.0.28,80.0,TCP,54,52908  >  80 [ACK] Seq=482 Ack=102 Win=65535 Len=0,0.000117
1022,1170555.052591,10.42.0.13,50575.0,10.42.0.49,52432.0,TCP,54,50551  >  52432 [ACK] Seq=163 Ack=221 Win=65535 Len=0,0.000153
1023,1166076.420741,10.42.0.49,61395.0,99.81.71.200,443.0,TLSv1.2,555,Application Data,0.006526
1024,1156293.061581,10.42.0.49,61395.0,99.81.71.200,443.0,TLSv1.2,539,Application Data,0.131053
1025,416844.61649,10.42.0.49,52432.0,10.42.0.13,62549.0,TCP,54,52432  >  62489 [ACK] Seq=1 Ack=163 Win=5678 Len=0,0.002955
1026,422073.261575,10.42.0.13,62604.0,10.42.0.49,52432.0,TCP,54,62601  >  52432 [ACK] Seq=496 Ack=1781 Win=65535 Len=0,0.003926
1027,373204.955118,10.42.0.28,80.0,10.42.0.13,51378.0,TCP,54,80  >  51389 [ACK] Seq=1 Ack=482 Win=2438 Len=0,0.002383
1028,1161916.120334,10.42.0.49,61395.0,99.81.71.200,443.0,TCP,54,61395  >  443 [ACK] Seq=127217 Ack=199049 Win=5240 Len=0,0.119648
1029,1154531.073548,10.42.0.49,52432.0,10.42.0.13,50555.0,HTTP,274,HTTP/1.1 200 OK  (application/pairing+tlv8),0.044349
1030,1132277.995321,10.42.0.13,50325.0,10.42.0.49,52432.0,TCP,54,50326  >  52432 [ACK] Seq=414 Ack=302 Win=65535 Len=0,0.000122
1031,1158354.410358,10.42.0.49,61395.0,99.81.71.200,443.0,TLSv1.2,539,Application Data,0.001411
1032,256932.666868,10.42.0.13,59873.0,10.42.0.49,52432.0,TCP,54,59898  >  52432 [ACK] Seq=497 Ack=1782 Win=65535 Len=0,0.003245
1033,1178006.654786,10.42.0.49,5353.0,10.42.0.13,5353.0,MDNS,174,"Standard query response 0x0000 TXT MSS210-9f39._hap._tcp.local, ""QU"" question TXT",0.010242
1034,1178006.606425,10.42.0.49,61395.0,99.81.71.200,443.0,TLSv1.2,539,Application Data,0.112522
1035,351019.365111,10.42.0.28,80.0,10.42.0.13,51361.0,TCP,58,"80  >  51382 [SYN, ACK] Seq=0 Ack=1 Win=2920 Len=0 MSS=1460",0.001259
1036,1177454.778757,10.42.0.49,52432.0,10.42.0.13,50857.0,HTTP,1096,Continuation,0.007077
1037,1142313.571979,10.42.0.49,52432.0,10.42.0.13,50550.0,HTTP,135,HTTP/1.1 200 OK  (application/pairing+tlv8),0.044949
1038,1149531.418555,10.42.0.49,5353.0,10.42.0.13,5353.0,MDNS,174,"Standard query response 0x0000 TXT MSS210-9f39._hap._tcp.local, ""QU"" question TXT",0.002227
1039,241092.87364,10.42.0.13,59468.0,10.42.0.49,52432.0,TCP,54,59484  >  52432 [ACK] Seq=496 Ack=1344 Win=65535 Len=0,0.003439
1040,351024.633025,10.42.0.13,51383.0,10.42.0.28,80.0,TCP,54,51383  >  80 [ACK] Seq=483 Ack=103 Win=65535 Len=0,0.000133
1041,351019.581165,10.42.0.49,52432.0,10.42.0.13,61781.0,HTTP,135,HTTP/1.1 200 OK  (application/pairing+tlv8),0.044531
1042,1155838.254121,10.42.0.49,5353.0,10.42.0.13,5353.0,MDNS,174,"Standard query response 0x0000 TXT MSS210-9f39._hap._tcp.local, ""QU"" question TXT",0.000929
1043,1132277.277132,10.42.0.13,65056.0,10.42.0.28,80.0,TCP,54,65052  >  80 [ACK] Seq=483 Ack=103 Win=65535 Len=0,0.000106
1044,1138300.531662,10.42.0.49,5353.0,10.42.0.13,5353.0,MDNS,270,"Standard query response 0x0000 PTR _hap._tcp.local, ""QU"" question PTR MSS210-9f39._hap._tcp.local SRV 0 0 52432 Meross_Smart_Pl",
1045,321984.235719,10.42.0.49,52432.0,10.42.0.13,60880.0,HTTP,1096,Continuation,0.006714
1046,355631.181013,10.42.0.13,51388.0,10.42.0.49,52432.0,TCP,54,59881  >  52432 [ACK] Seq=496 Ack=1781 Win=65535 Len=0,0.000216
1047,1132277.921429,10.42.0.13,50325.0,10.42.0.49,52432.0,TCP,54,50322  >  52432 [ACK] Seq=414 Ack=302 Win=65535 Len=0,0.000166
1048,3751.02623,10.42.0.28,58270.0,52.212.130.239,443.0,TLSv1.2,123,Application Data,0.006757
1049,1154531.045814,10.42.0.49,52432.0,10.42.0.13,50569.0,TCP,54,52432  >  50505 [ACK] Seq=1 Ack=163 Win=5678 Len=0,0.006897
1050,1156073.69832,10.42.0.49,61395.0,99.81.71.200,443.0,TLSv1.2,123,Application Data,37.799369
1051,351002.410499,10.42.0.13,51347.0,10.42.0.28,80.0,TCP,54,51341  >  80 [ACK] Seq=1 Ack=1 Win=65535 Len=0,0.000104
1052,1177355.295331,10.42.0.49,52432.0,10.42.0.13,50556.0,HTTP,274,HTTP/1.1 200 OK  (application/pairing+tlv8),0.045667
1053,1170355.478825,10.42.0.49,61395.0,99.81.71.200,443.0,TLSv1.2,123,Application Data,18.987976
1054,320014.850515,10.42.0.13,59687.0,10.42.0.28,80.0,TCP,54,59652  >  80 [ACK] Seq=483 Ack=103 Win=65535 Len=0,0.000104
1055,1178006.419467,10.42.0.49,52432.0,10.42.0.13,50855.0,TCP,54,52432  >  50553 [ACK] Seq=1 Ack=163 Win=5678 Len=0,0.002856
1056,1164950.128594,10.42.0.49,61395.0,99.81.71.200,443.0,TCP,54,61395  >  443 [ACK] Seq=21918 Ack=122497 Win=5111 Len=0,0.262699
1057,1161231.02865,10.42.0.49,5353.0,10.42.0.13,5353.0,MDNS,174,"Standard query response 0x0000 TXT MSS210-9f39._hap._tcp.local, ""QU"" question TXT",0.005526
1058,1162301.654212,10.42.0.49,61395.0,99.81.71.200,443.0,TLSv1.2,123,Application Data,5.135334
1059,351019.320433,10.42.0.49,5353.0,10.42.0.13,5353.0,MDNS,174,"Standard query response 0x0000 TXT MSS210-9f39._hap._tcp.local, ""QU"" question TXT",0.011275
1060,427092.331103,10.42.0.13,62609.0,10.42.0.49,52432.0,TCP,54,62028  >  52432 [ACK] Seq=496 Ack=1781 Win=65535 Len=0,0.003116
1061,1171214.544333,10.42.0.49,5353.0,10.42.0.13,5353.0,MDNS,174,"Standard query response 0x0000 TXT MSS210-9f39._hap._tcp.local, ""QU"" question TXT",0.000243
1062,1147178.740025,10.42.0.49,61395.0,99.81.71.200,443.0,TCP,54,61395  >  443 [ACK] Seq=115789 Ack=15710 Win=5840 Len=0,0.208959
1063,376173.533883,10.42.0.49,61388.0,54.216.1.110,443.0,TLSv1.2,539,Application Data,0.107578
1064,1170329.71206,10.42.0.49,61395.0,99.81.71.200,443.0,TLSv1.2,539,Application Data,0.179308
1065,351015.685017,10.42.0.28,80.0,10.42.0.13,51341.0,TCP,58,"80  >  51327 [SYN, ACK] Seq=0 Ack=1 Win=2920 Len=0 MSS=1460",0.001128
1066,1155551.029336,10.42.0.49,52432.0,10.42.0.13,50578.0,HTTP,135,HTTP/1.1 200 OK  (application/pairing+tlv8),0.042526
1067,351019.685217,10.42.0.49,52432.0,10.42.0.13,61755.0,HTTP,135,HTTP/1.1 200 OK  (application/pairing+tlv8),0.043664
1068,351019.37101,10.42.0.49,5353.0,10.42.0.13,5353.0,MDNS,174,"Standard query response 0x0000 TXT MSS210-9f39._hap._tcp.local, ""QU"" question TXT",0.011127
1069,1132277.477915,10.42.0.49,61395.0,99.81.71.200,443.0,TLSv1.2,555,Application Data,0.107445
1070,1132277.41405,10.42.0.13,50326.0,10.42.0.49,52432.0,TCP,54,50326  >  52432 [ACK] Seq=496 Ack=1344 Win=65535 Len=0,0.001864
1071,1132276.537142,10.42.0.13,50327.0,10.42.0.49,52432.0,TCP,54,50326  >  52432 [ACK] Seq=496 Ack=1344 Win=65535 Len=0,0.003157
1072,350988.857665,10.42.0.13,51374.0,10.42.0.28,80.0,TCP,54,51385  >  80 [ACK] Seq=1 Ack=1 Win=65535 Len=0,0.001051
1073,1165691.842246,10.42.0.13,50625.0,10.42.0.49,52432.0,TCP,54,50605  >  52432 [ACK] Seq=414 Ack=302 Win=65535 Len=0,0.003155
1074,1132280.810658,10.42.0.49,61395.0,99.81.71.200,443.0,TCP,54,61395  >  443 [ACK] Seq=19976 Ack=10328 Win=4511 Len=0,0.105829
1075,356583.105585,10.42.0.28,55988.0,34.241.185.170,443.0,TLSv1.2,123,Application Data,0.001085
1076,1160611.431189,10.42.0.13,50629.0,10.42.0.49,52432.0,TCP,54,50913  >  52432 [ACK] Seq=1 Ack=1 Win=65535 Len=0,0.006797
1077,351019.071264,10.42.0.13,51377.0,10.42.0.28,80.0,TCP,54,51381  >  80 [ACK] Seq=1 Ack=1 Win=65535 Len=0,0.003715
1078,351015.297097,10.42.0.13,51381.0,10.42.0.28,80.0,TCP,54,51341  >  80 [ACK] Seq=1 Ack=1 Win=65535 Len=0,0.004105
1079,350988.141549,10.42.0.13,61701.0,10.42.0.28,80.0,TCP,54,51381  >  80 [ACK] Seq=1 Ack=1 Win=65535 Len=0,0.003699
1080,412268.156149,10.42.0.13,62489.0,10.42.0.49,52432.0,TCP,54,62469  >  52432 [ACK] Seq=496 Ack=1781 Win=65535 Len=0,0.003951
1081,1163232.878754,10.42.0.13,50397.0,10.42.0.49,52432.0,TCP,54,50859  >  52432 [ACK] Seq=496 Ack=1781 Win=65535 Len=0,0.003119
1082,1151298.415439,10.42.0.49,52432.0,10.42.0.13,50553.0,TCP,54,52432  >  50532 [ACK] Seq=1781 Ack=497 Win=5344 Len=0,0.004247
1083,1142225.963916,10.42.0.49,52432.0,10.42.0.13,50553.0,TCP,54,52432  >  50532 [ACK] Seq=1781 Ack=497 Win=5344 Len=0,0.000165
1084,1157196.03349,10.42.0.49,61395.0,99.81.71.200,443.0,TLSv1.2,539,Application Data,0.138565
1085,422074.939038,10.42.0.13,62764.0,10.42.0.49,52432.0,TCP,54,62728  >  52432 [ACK] Seq=496 Ack=1781 Win=65535 Len=0,0.003119
1086,351019.905155,10.42.0.13,51362.0,10.42.0.28,80.0,TCP,54,51341  >  80 [ACK] Seq=1 Ack=1 Win=65535 Len=0,0.00425
1087,1183202.662058,10.42.0.13,59138.0,10.42.0.49,52432.0,TCP,54,50946  >  52432 [ACK] Seq=496 Ack=1781 Win=65535 Len=0,0.001996
1088,1132277.262965,10.42.0.49,61395.0,99.81.71.200,443.0,TLSv1.2,539,Application Data,0.017132
1089,1166231.070178,10.42.0.49,61395.0,99.81.71.200,443.0,TCP,54,61395  >  443 [ACK] Seq=25222 Ack=149754 Win=5249 Len=0,0.174915
1090,410997.119251,10.42.0.49,52432.0,10.42.0.13,62484.0,HTTP,135,HTTP/1.1 200 OK  (application/pairing+tlv8),0.045457
1091,1178006.70648,10.42.0.49,5353.0,10.42.0.13,5353.0,MDNS,174,"Standard query response 0x0000 TXT MSS210-9f39._hap._tcp.local, ""QU"" question TXT",0.000326
1092,362531.737311,10.42.0.49,5353.0,10.42.0.13,5353.0,MDNS,174,"Standard query response 0x0000 TXT MSS210-9f39._hap._tcp.local, ""QU"" question TXT",0.007239
1093,373252.715991,10.42.0.13,61919.0,10.42.0.49,52432.0,TCP,54,61979  >  52432 [ACK] Seq=1 Ack=1 Win=65535 Len=0,0.002343
1094,324132.90242,10.42.0.49,5353.0,10.42.0.13,5353.0,MDNS,174,"Standard query response 0x0000 TXT MSS210-9f39._hap._tcp.local, ""QU"" question TXT",0.000889
1095,321985.786492,10.42.0.49,52432.0,10.42.0.13,60930.0,TCP,54,52432  >  60938 [ACK] Seq=1781 Ack=497 Win=5344 Len=0,0.000149
1096,255902.558486,10.42.0.13,52719.0,10.42.0.28,80.0,TCP,54,52749  >  80 [ACK] Seq=1 Ack=1 Win=65535 Len=0,0.001217
1097,351019.19229,10.42.0.28,80.0,10.42.0.13,51378.0,TCP,54,80  >  51371 [ACK] Seq=1 Ack=483 Win=2438 Len=0,0.002876
1098,243593.667875,10.42.0.13,59636.0,10.42.0.49,52432.0,TCP,54,59376  >  52432 [ACK] Seq=497 Ack=1782 Win=65535 Len=0,0.001253
1099,351019.639847,10.42.0.13,51381.0,10.42.0.28,80.0,TCP,54,51386  >  80 [ACK] Seq=483 Ack=103 Win=65535 Len=0,0.000199
1100,351015.318148,10.42.0.13,51387.0,10.42.0.28,80.0,TCP,54,51381  >  80 [ACK] Seq=483 Ack=199 Win=65535 Len=0,0.000106
1101,1147874.955053,10.42.0.49,52432.0,10.42.0.13,50524.0,HTTP,135,HTTP/1.1 200 OK  (application/pairing+tlv8),0.045455
1102,351019.908988,10.42.0.13,51353.0,10.42.0.28,80.0,TCP,54,51387  >  80 [ACK] Seq=1 Ack=1 Win=65535 Len=0,0.005345
1103,356712.093046,10.42.0.13,51878.0,10.42.0.49,52432.0,TCP,54,59859  >  52432 [ACK] Seq=496 Ack=1781 Win=65535 Len=0,0.003425
1104,1161739.033158,10.42.0.49,5353.0,10.42.0.13,5353.0,MDNS,174,"Standard query response 0x0000 TXT MSS210-9f39._hap._tcp.local, ""QU"" question TXT",0.000535
1105,374945.74113,10.42.0.13,61708.0,10.42.0.49,52432.0,TCP,54,61718  >  52432 [ACK] Seq=496 Ack=1781 Win=65535 Len=0,0.004822
1106,1164736.403019,10.42.0.49,61395.0,99.81.71.200,443.0,TLSv1.2,539,Application Data,0.00211
1107,1164569.42229,10.42.0.49,52432.0,10.42.0.13,50535.0,HTTP,1096,Continuation,0.006557
1108,1174269.411525,10.42.0.49,5353.0,10.42.0.13,5353.0,MDNS,174,"Standard query response 0x0000 TXT MSS210-9f39._hap._tcp.local, ""QU"" question TXT",0.000327
1109,1182027.752941,10.42.0.13,50918.0,10.42.0.28,80.0,TCP,54,59175  >  80 [ACK] Seq=483 Ack=103 Win=65535 Len=0,0.000104
1110,1134937.414954,10.42.0.49,5353.0,10.42.0.13,5353.0,MDNS,174,"Standard query response 0x0000 TXT MSS210-9f39._hap._tcp.local, ""QU"" question TXT",0.001276
1111,1132277.315545,10.42.0.13,50326.0,10.42.0.49,52432.0,TCP,54,50326  >  52432 [ACK] Seq=496 Ack=1344 Win=65535 Len=0,0.003195
1112,1166777.623897,10.42.0.49,61395.0,99.81.71.200,443.0,TLSv1.2,555,Application Data,0.106085
1113,1155825.771523,10.42.0.49,61395.0,99.81.71.200,443.0,TLSv1.2,539,Application Data,0.139416
1114,1158388.556335,10.42.0.49,61395.0,99.81.71.200,443.0,TLSv1.2,123,Application Data,0.002933
1115,351019.183213,10.42.0.13,51387.0,10.42.0.28,80.0,TCP,54,51383  >  80 [ACK] Seq=1 Ack=1 Win=65535 Len=0,0.004106
1116,321277.538362,10.42.0.13,50102.0,10.42.0.28,80.0,TCP,54,50303  >  80 [ACK] Seq=483 Ack=103 Win=65535 Len=0,0.000105
1117,428731.966829,10.42.0.13,62915.0,10.42.0.49,52432.0,TCP,54,62892  >  52432 [ACK] Seq=414 Ack=302 Win=65535 Len=0,0.001112
1118,353509.65375,10.42.0.49,5353.0,10.42.0.13,5353.0,MDNS,174,"Standard query response 0x0000 TXT MSS210-9f39._hap._tcp.local, ""QU"" question TXT",0.002554
1119,1176630.077389,10.42.0.49,61395.0,99.81.71.200,443.0,TLSv1.2,555,Application Data,0.107877
1120,417800.991669,10.42.0.13,61719.0,10.42.0.28,80.0,TCP,54,61719  >  80 [ACK] Seq=483 Ack=103 Win=65535 Len=0,0.000118
1121,1171125.303468,10.42.0.49,61395.0,99.81.71.200,443.0,TLSv1.2,539,Application Data,0.135349
1122,248731.620034,10.42.0.13,59478.0,10.42.0.28,80.0,TCP,54,57687  >  80 [ACK] Seq=483 Ack=103 Win=65535 Len=0,0.000111
1123,1178000.945791,10.42.0.13,50755.0,10.42.0.49,52432.0,TCP,54,50555  >  52432 [ACK] Seq=163 Ack=221 Win=65535 Len=0,0.000114
1124,320015.196673,10.42.0.13,59478.0,10.42.0.28,80.0,TCP,54,59493  >  80 [ACK] Seq=483 Ack=103 Win=65535 Len=0,0.000104
1125,351024.310235,10.42.0.13,51387.0,10.42.0.28,80.0,TCP,54,51363  >  80 [ACK] Seq=514 Ack=103 Win=65535 Len=0,0.000101
1126,1145947.205738,10.42.0.13,50524.0,10.42.0.49,52432.0,TCP,54,50527  >  52432 [ACK] Seq=496 Ack=1344 Win=65535 Len=0,0.003499
1127,351024.609645,10.42.0.49,5353.0,10.42.0.13,5353.0,MDNS,174,"Standard query response 0x0000 TXT MSS210-9f39._hap._tcp.local, ""QU"" question TXT",0.000963
1128,1171377.389268,10.42.0.49,52432.0,10.42.0.13,50703.0,HTTP,1096,Continuation,0.006501
1129,351002.055917,10.42.0.28,80.0,10.42.0.13,51341.0,TCP,54,80  >  51378 [ACK] Seq=1 Ack=483 Win=2438 Len=0,0.000241
1130,1139328.73124,10.42.0.49,5353.0,10.42.0.13,5353.0,MDNS,174,"Standard query response 0x0000 TXT MSS210-9f39._hap._tcp.local, ""QU"" question TXT",0.000236
1131,1142423.930329,10.42.0.49,52432.0,10.42.0.13,50324.0,TCP,54,52432  >  50322 [ACK] Seq=1 Ack=163 Win=5678 Len=0,0.105396
1132,1178006.884324,10.42.0.49,52432.0,10.42.0.13,50948.0,TCP,54,52432  >  50883 [ACK] Seq=1 Ack=163 Win=5678 Len=0,0.002498
1133,1157296.803233,10.42.0.49,61395.0,99.81.71.200,443.0,TLSv1.2,539,Application Data,0.124886
1134,1182027.917757,10.42.0.49,61395.0,99.81.71.200,443.0,TCP,54,61395  >  443 [ACK] Seq=14997 Ack=15451 Win=5849 Len=0,0.105373
1135,351002.418664,10.42.0.13,51368.0,10.42.0.28,80.0,TCP,54,51346  >  80 [ACK] Seq=483 Ack=103 Win=65535 Len=0,0.000113
1136,427092.565998,10.42.0.13,62893.0,10.42.0.49,52432.0,TCP,54,62892  >  52432 [ACK] Seq=496 Ack=1781 Win=65535 Len=0,0.000146
1137,1162177.263925,10.42.0.13,50552.0,10.42.0.49,52432.0,TCP,54,50552  >  52432 [ACK] Seq=414 Ack=302 Win=65535 Len=0,0.003111
1138,1178008.684844,10.42.0.49,52432.0,10.42.0.13,50940.0,HTTP,135,HTTP/1.1 200 OK  (application/pairing+tlv8),0.046665
1139,1141423.730213,10.42.0.49,5353.0,10.42.0.13,5353.0,MDNS,174,"Standard query response 0x0000 TXT MSS210-9f39._hap._tcp.local, ""QU"" question TXT",0.001127
1140,1152033.816928,10.42.0.49,61395.0,99.81.71.200,443.0,TLSv1.2,539,Application Data,0.022852
1141,1156905.042527,10.42.0.49,52432.0,10.42.0.13,50557.0,TCP,58,"52432  >  50532 [SYN, ACK] Seq=0 Ack=1 Win=5840 Len=0 MSS=1460",0.00011
1142,423004.08025,10.42.0.13,62602.0,10.42.0.49,52432.0,TCP,54,62602  >  52432 [ACK] Seq=163 Ack=221 Win=65535 Len=0,0.000252
1143,1166693.93652,10.42.0.49,5353.0,10.42.0.13,5353.0,MDNS,174,"Standard query response 0x0000 TXT MSS210-9f39._hap._tcp.local, ""QU"" question TXT",0.000272
1144,1163939.555735,10.42.0.49,5353.0,10.42.0.13,5353.0,MDNS,174,"Standard query response 0x0000 TXT MSS210-9f39._hap._tcp.local, ""QU"" question TXT",0.000244
1145,351024.624155,10.42.0.13,51387.0,10.42.0.28,80.0,TCP,54,51341  >  80 [ACK] Seq=1 Ack=1 Win=65535 Len=0,0.004663
1146,1131277.078646,10.42.0.49,61395.0,99.81.71.200,443.0,TLSv1.2,555,Application Data,0.102152
1147,1177084.681521,10.42.0.49,52432.0,10.42.0.13,50868.0,TCP,54,52432  >  50868 [ACK] Seq=1 Ack=163 Win=5678 Len=0,0.002889
1148,1161071.582213,10.42.0.49,52432.0,10.42.0.13,50706.0,HTTP,491,Continuation,0.006634
1149,351019.649114,10.42.0.28,80.0,10.42.0.13,51381.0,TCP,54,80  >  51361 [ACK] Seq=1 Ack=483 Win=2438 Len=0,0.002512
1150,1184202.61567,10.42.0.13,5353.0,10.42.0.49,5353.0,MDNS,87,"Standard query 0x0000 TXT MSS210-9f39._hap._tcp.local, ""QU"" question",0.00255
1151,1142280.273771,10.42.0.13,50526.0,10.42.0.49,52432.0,TCP,54,50925  >  52432 [ACK] Seq=414 Ack=302 Win=65535 Len=0,0.000316
1152,422074.020565,10.42.0.49,52432.0,10.42.0.13,62601.0,TCP,54,52432  >  62906 [ACK] Seq=1781 Ack=497 Win=5344 Len=0,0.000112
1153,316193.64858,10.42.0.49,61387.0,54.216.1.110,443.0,TLSv1.2,555,Application Data,0.100128
1154,351006.211968,10.42.0.13,51347.0,10.42.0.28,80.0,TCP,54,51358  >  80 [ACK] Seq=483 Ack=103 Win=65535 Len=0,0.000116
1155,1132277.965886,10.42.0.13,50526.0,10.42.0.49,52432.0,TCP,54,50562  >  52432 [ACK] Seq=496 Ack=1781 Win=65535 Len=0,0.003256
1156,1166691.958731,10.42.0.49,52432.0,10.42.0.13,50806.0,HTTP,1096,Continuation,0.007184
1157,351024.870511,10.42.0.13,51378.0,10.42.0.28,80.0,TCP,54,51371  >  80 [ACK] Seq=483 Ack=103 Win=65535 Len=0,0.001117
1158,351019.418831,10.42.0.13,51387.0,10.42.0.28,80.0,TCP,54,51381  >  80 [ACK] Seq=1 Ack=1 Win=65535 Len=0,0.001052
1159,1170354.53431,10.42.0.49,5353.0,10.42.0.13,5353.0,MDNS,174,"Standard query response 0x0000 TXT MSS210-9f39._hap._tcp.local, ""QU"" question TXT",0.000875
1160,353509.490348,10.42.0.13,51387.0,10.42.0.28,80.0,TCP,54,51394  >  80 [ACK] Seq=515 Ack=104 Win=65535 Len=0,0.000102
1161,1174747.205394,10.42.0.49,5353.0,10.42.0.13,5353.0,MDNS,174,"Standard query response 0x0000 TXT MSS210-9f39._hap._tcp.local, ""QU"" question TXT",0.000855
1162,1162134.614874,10.42.0.49,52432.0,10.42.0.13,50323.0,TCP,54,52432  >  50310 [ACK] Seq=1781 Ack=497 Win=5344 Len=0,0.001111
1163,1183227.912232,10.42.0.49,52432.0,10.42.0.13,50326.0,TCP,54,52432  >  50932 [ACK] Seq=1 Ack=163 Win=5678 Len=0,0.202545
1164,1171129.182913,10.42.0.49,52432.0,10.42.0.13,50312.0,TCP,54,52432  >  50322 [ACK] Seq=1 Ack=163 Win=5678 Len=0,0.002011
1165,1174717.452818,10.42.0.49,52432.0,10.42.0.13,50855.0,TCP,58,"52432  >  50532 [SYN, ACK] Seq=0 Ack=1 Win=5840 Len=0 MSS=1460",0.00025
1166,351015.621271,10.42.0.28,80.0,10.42.0.13,51363.0,TCP,58,"80  >  51383 [SYN, ACK] Seq=0 Ack=1 Win=2920 Len=0 MSS=1460",0.001115
1167,1170392.119566,10.42.0.49,52432.0,10.42.0.13,50755.0,HTTP,135,HTTP/1.1 200 OK  (application/pairing+tlv8),0.045245
1168,237703.11041,10.42.0.13,59680.0,10.42.0.49,52432.0,TCP,54,59607  >  52432 [ACK] Seq=1 Ack=1 Win=65535 Len=0,0.002186
1169,351015.33535,10.42.0.28,80.0,10.42.0.13,51364.0,TCP,58,"80  >  51392 [SYN, ACK] Seq=0 Ack=1 Win=2920 Len=0 MSS=1460",0.001017
1170,235924.085127,10.42.0.13,50941.0,10.42.0.28,80.0,TCP,54,50909  >  80 [ACK] Seq=1 Ack=1 Win=65535 Len=0,0.00105
1171,356629.900125,10.42.0.13,59419.0,10.42.0.49,52432.0,TCP,54,59892  >  52432 [ACK] Seq=497 Ack=1782 Win=65535 Len=0,0.001943
1172,1166862.802682,10.42.0.49,5353.0,10.42.0.13,5353.0,MDNS,270,"Standard query response 0x0000 PTR _hap._tcp.local, ""QU"" question PTR MSS210-9f39._hap._tcp.local SRV 0 0 52432 Meross_Smart_Pl",
1173,1174114.545291,10.42.0.49,52432.0,10.42.0.13,50505.0,HTTP,1096,Continuation,0.006745
1174,422076.868343,10.42.0.49,52432.0,10.42.0.13,62762.0,TCP,54,"52432  >  62725 [FIN, ACK] Seq=1781 Ack=497 Win=5344 Len=0",0.005825
1175,1143194.635887,10.42.0.49,52432.0,10.42.0.13,50533.0,TCP,54,[TCP Keep-Alive ACK] 52432  >  50594 [ACK] Seq=1781 Ack=496 Win=5345 Len=0,0.00
1176,1145666.167025,10.42.0.49,61395.0,99.81.71.200,443.0,TLSv1.2,539,Application Data,0.109147
1177,1158250.685364,10.42.0.13,50556.0,10.42.0.49,52432.0,TCP,54,50552  >  52432 [ACK] Seq=496 Ack=1781 Win=65535 Len=0,0.005054
1178,238903.44285,10.42.0.13,50715.0,10.42.0.28,80.0,TCP,54,50150  >  80 [ACK] Seq=482 Ack=103 Win=65535 Len=0,0.000101
1179,1153550.57539,10.42.0.49,52432.0,10.42.0.13,50575.0,TCP,54,52432  >  50555 [ACK] Seq=1781 Ack=497 Win=5344 Len=0,0.000235
1180,351019.051957,10.42.0.28,80.0,10.42.0.13,51363.0,TCP,58,"80  >  51382 [SYN, ACK] Seq=0 Ack=1 Win=2920 Len=0 MSS=1460",0.000111
1181,1144427.601865,10.42.0.49,52432.0,10.42.0.13,50505.0,TCP,54,52432  >  50505 [ACK] Seq=1781 Ack=497 Win=5344 Len=0,0.000149
1182,351019.404141,10.42.0.49,5353.0,10.42.0.13,5353.0,MDNS,174,"Standard query response 0x0000 TXT MSS210-9f39._hap._tcp.local, ""QU"" question TXT",0.001119
1183,259872.991237,10.42.0.13,52927.0,10.42.0.28,80.0,TCP,54,52907  >  80 [ACK] Seq=482 Ack=102 Win=65535 Len=0,0.000111
1184,1141425.595353,10.42.0.49,5353.0,10.42.0.13,5353.0,MDNS,174,"Standard query response 0x0000 TXT MSS210-9f39._hap._tcp.local, ""QU"" question TXT",0.007114
1185,320015.505746,10.42.0.13,51383.0,10.42.0.28,80.0,TCP,54,51392  >  80 [ACK] Seq=482 Ack=103 Win=65535 Len=0,0.000104
1186,1139365.055931,10.42.0.13,50414.0,10.42.0.49,52432.0,TCP,54,50414  >  52432 [ACK] Seq=496 Ack=1344 Win=65535 Len=0,0.003993
1187,1132277.387382,10.42.0.13,50326.0,10.42.0.28,80.0,TCP,54,65050  >  80 [ACK] Seq=483 Ack=103 Win=65535 Len=0,0.002105
1188,1178006.616212,10.42.0.49,61395.0,99.81.71.200,443.0,TLSv1.2,539,Application Data,0.001013
1189,1178008.132627,10.42.0.49,52432.0,10.42.0.13,51074.0,TCP,54,52432  >  50949 [ACK] Seq=1 Ack=163 Win=5678 Len=0,0.002596
1190,1132277.986576,10.42.0.49,61395.0,99.81.71.200,443.0,TLSv1.2,539,Application Data,0.035271
1191,1164777.906024,10.42.0.49,61395.0,99.81.71.200,443.0,TLSv1.2,555,Application Data,0.100008
1192,1149567.979312,10.42.0.49,61395.0,99.81.71.200,443.0,TCP,54,61395  >  443 [ACK] Seq=13307 Ack=399988 Win=4520 Len=0,0.199708
1193,355631.103511,10.42.0.13,61887.0,10.42.0.49,52432.0,TCP,54,61871  >  52432 [ACK] Seq=496 Ack=1781 Win=65535 Len=0,0.002573
1194,238903.466794,10.42.0.13,50717.0,10.42.0.28,80.0,TCP,54,50770  >  80 [ACK] Seq=1 Ack=1 Win=65535 Len=0,0.000104
1195,315228.911391,10.42.0.13,59432.0,10.42.0.28,80.0,TCP,54,59432  >  80 [ACK] Seq=1 Ack=1 Win=65535 Len=0,0.000104
1196,1178003.501945,10.42.0.49,5353.0,10.42.0.13,5353.0,MDNS,270,"Standard query response 0x0000 PTR _hap._tcp.local, ""QU"" question PTR MSS210-9f39._hap._tcp.local SRV 0 0 52432 Meross_Smart_Pl",
1197,1171119.752164,10.42.0.49,52432.0,10.42.0.13,50750.0,HTTP,135,HTTP/1.1 200 OK  (application/pairing+tlv8),0.045319
1198,351008.411571,10.42.0.49,5353.0,10.42.0.13,5353.0,MDNS,174,"Standard query response 0x0000 TXT MSS210-9f39._hap._tcp.local, ""QU"" question TXT",0.010634
1199,1145874.604669,10.42.0.49,5353.0,10.42.0.13,5353.0,MDNS,174,"Standard query response 0x0000 TXT MSS210-9f39._hap._tcp.local, ""QU"" question TXT",0.010227
1200,1154218.640357,10.42.0.13,50552.0,10.42.0.49,52432.0,TCP,54,50555  >  52432 [ACK] Seq=496 Ack=1781 Win=65535 Len=0,0.001516
1201,351001.604117,10.42.0.13,51356.0,10.42.0.28,80.0,TCP,54,51351  >  80 [ACK] Seq=1 Ack=1 Win=65535 Len=0,0.000116
1202,1175170.120789,10.42.0.49,61395.0,99.81.71.200,443.0,TLSv1.2,555,Application Data,0.000169
1203,1174054.255435,10.42.0.49,5353.0,10.42.0.13,5353.0,MDNS,174,"Standard query response 0x0000 TXT MSS210-9f39._hap._tcp.local, ""QU"" question TXT",0.001159
1204,248731.51331,10.42.0.49,52432.0,10.42.0.13,59478.0,HTTP,491,Continuation,0.001129
1205,240910.511677,10.42.0.13,59681.0,10.42.0.28,80.0,TCP,54,51779  >  80 [ACK] Seq=483 Ack=103 Win=65535 Len=0,0.000105
1206,1139850.775954,10.42.0.49,61395.0,99.81.71.200,443.0,TLSv1.2,539,Application Data,0.112998
1207,350988.615891,10.42.0.49,52432.0,10.42.0.13,61881.0,TCP,54,52432  >  61868 [ACK] Seq=1 Ack=163 Win=5678 Len=0,0.001015
1208,1170355.58726,10.42.0.49,5353.0,10.42.0.13,5353.0,MDNS,174,"Standard query response 0x0000 TXT MSS210-9f39._hap._tcp.local, ""QU"" question TXT",0.007945
1209,1177337.79826,10.42.0.49,52432.0,10.42.0.13,50810.0,HTTP,1096,Continuation,0.006452
1210,373202.194965,10.42.0.13,5353.0,10.42.0.49,5353.0,MDNS,87,"Standard query 0x0000 TXT MSS210-9f39._hap._tcp.local, ""QU"" question",0.021529
1211,351015.390513,10.42.0.13,51363.0,10.42.0.28,80.0,TCP,54,51353  >  80 [ACK] Seq=1 Ack=1 Win=65535 Len=0,0.002105
1212,1183202.775125,10.42.0.49,61395.0,99.81.71.200,443.0,TCP,54,61395  >  443 [ACK] Seq=168127 Ack=10073 Win=4589 Len=0,0.120728
1213,1145607.803737,10.42.0.49,52432.0,10.42.0.13,50575.0,TCP,54,52432  >  50553 [ACK] Seq=1781 Ack=497 Win=5344 Len=0,0.003669
1214,361333.35572,10.42.0.49,5353.0,10.42.0.13,5353.0,MDNS,174,"Standard query response 0x0000 TXT MSS210-9f39._hap._tcp.local, ""QU"" question TXT",0.000254
1215,1177035.708433,10.42.0.49,5353.0,10.42.0.13,5353.0,MDNS,174,"Standard query response 0x0000 TXT MSS210-9f39._hap._tcp.local, ""QU"" question TXT",0.001125
1216,1132280.41745,10.42.0.13,50349.0,10.42.0.28,80.0,TCP,54,50341  >  80 [ACK] Seq=1 Ack=1 Win=65535 Len=0,0.004415
1217,418620.649148,10.42.0.49,52432.0,10.42.0.13,62554.0,TCP,54,52432  >  62554 [ACK] Seq=1 Ack=163 Win=5678 Len=0,0.136334
1218,423977.064312,10.42.0.49,5353.0,10.42.0.13,5353.0,MDNS,174,"Standard query response 0x0000 TXT MSS210-9f39._hap._tcp.local, ""QU"" question TXT",0.000965
1219,362015.10375,10.42.0.13,61870.0,10.42.0.49,52432.0,TCP,54,61871  >  52432 [ACK] Seq=497 Ack=1782 Win=65535 Len=0,0.00697
1220,1146074.604337,10.42.0.49,52432.0,10.42.0.13,50402.0,TCP,54,52432  >  50494 [ACK] Seq=1 Ack=163 Win=5678 Len=0,0.002845
1221,1164569.025435,10.42.0.49,5353.0,10.42.0.13,5353.0,MDNS,174,"Standard query response 0x0000 TXT MSS210-9f39._hap._tcp.local, ""QU"" question TXT",0.000247
1222,321277.19463,10.42.0.49,52432.0,10.42.0.13,60920.0,TCP,54,52432  >  60920 [ACK] Seq=1781 Ack=497 Win=5344 Len=0,0.000178
1223,1132277.252212,10.42.0.13,65050.0,10.42.0.28,80.0,TCP,54,65052  >  80 [ACK] Seq=483 Ack=103 Win=65535 Len=0,0.000111
1224,255907.066729,10.42.0.13,52769.0,10.42.0.28,80.0,TCP,54,52729  >  80 [ACK] Seq=482 Ack=102 Win=65535 Len=0,0.000104
1225,1152581.06772,10.42.0.49,61395.0,99.81.71.200,443.0,TLSv1.2,123,Application Data,10.08085
1226,1182029.040538,10.42.0.49,52432.0,10.42.0.13,50905.0,TCP,54,52432  >  50959 [ACK] Seq=1 Ack=163 Win=5678 Len=0,0.001257
1227,1156069.054578,10.42.0.49,52432.0,10.42.0.13,50550.0,HTTP,135,HTTP/1.1 200 OK  (application/pairing+tlv8),0.045575
1228,324133.302177,10.42.0.28,80.0,10.42.0.13,50374.0,TCP,54,80  >  50370 [ACK] Seq=1 Ack=582 Win=2439 Len=0,0.002233
1229,351019.671277,10.42.0.13,5353.0,10.42.0.49,5353.0,MDNS,87,"Standard query 0x0000 TXT MSS210-9f39._hap._tcp.local, ""QU"" question",0.012561
1230,248731.074164,10.42.0.13,59693.0,10.42.0.49,52432.0,TCP,54,59493  >  52432 [ACK] Seq=497 Ack=1782 Win=65535 Len=0,0.003226
1231,320451.655051,10.42.0.13,51494.0,10.42.0.28,80.0,TCP,54,51496  >  80 [ACK] Seq=1 Ack=1 Win=65535 Len=0,0.004814
1232,1165691.061083,10.42.0.49,61395.0,99.81.71.200,443.0,TLSv1.2,539,Application Data,0.025586
1233,255907.065748,10.42.0.13,52981.0,10.42.0.28,80.0,TCP,54,52728  >  80 [ACK] Seq=482 Ack=102 Win=65535 Len=0,0.000105
1234,233044.74912,10.42.0.13,50707.0,10.42.0.28,80.0,TCP,54,50728  >  80 [ACK] Seq=483 Ack=103 Win=65535 Len=0,0.000107
1235,1142178.816433,10.42.0.49,5353.0,10.42.0.13,5353.0,MDNS,174,"Standard query response 0x0000 TXT MSS210-9f39._hap._tcp.local, ""QU"" question TXT",0.005862
1236,1132277.412771,10.42.0.13,50327.0,10.42.0.49,52432.0,TCP,54,50326  >  52432 [ACK] Seq=496 Ack=1781 Win=65535 Len=0,0.000255
1237,351024.904371,10.42.0.13,51368.0,10.42.0.28,80.0,TCP,54,51363  >  80 [ACK] Seq=483 Ack=103 Win=65535 Len=0,0.000105
1238,422072.557864,10.42.0.13,62891.0,10.42.0.49,52432.0,TCP,54,62629  >  52432 [ACK] Seq=496 Ack=1344 Win=65535 Len=0,0.004641
1239,1171135.083329,10.42.0.49,5353.0,10.42.0.13,5353.0,MDNS,174,"Standard query response 0x0000 TXT MSS210-9f39._hap._tcp.local, ""QU"" question TXT",0.000278
1240,351008.300026,10.42.0.49,5353.0,10.42.0.13,5353.0,MDNS,270,"Standard query response 0x0000 PTR _hap._tcp.local, ""QU"" question PTR MSS210-9f39._hap._tcp.local SRV 0 0 52432 Meross_Smart_Plug",
1241,1183328.715466,10.42.0.49,52432.0,10.42.0.13,50495.0,TCP,54,52432  >  50532 [ACK] Seq=1 Ack=163 Win=5678 Len=0,0.120291
1242,1132279.615525,10.42.0.13,50333.0,10.42.0.49,52432.0,TCP,54,50315  >  52432 [ACK] Seq=497 Ack=1782 Win=65535 Len=0,0.003538
1243,250507.557777,10.42.0.13,51159.0,10.42.0.28,80.0,TCP,54,51177  >  80 [ACK] Seq=482 Ack=199 Win=65535 Len=0,0.001011
1244,1149437.440889,10.42.0.49,52432.0,10.42.0.13,50576.0,TCP,54,52432  >  50483 [ACK] Seq=1781 Ack=497 Win=5344 Len=0,0.000174
1245,405043.712947,10.42.0.13,51489.0,10.42.0.28,80.0,TCP,54,51498  >  80 [ACK] Seq=515 Ack=104 Win=65535 Len=0,0.000104
1246,422072.325128,10.42.0.13,62692.0,10.42.0.49,52432.0,TCP,54,62628  >  52432 [ACK] Seq=496 Ack=1781 Win=65535 Len=0,0.004625
1247,1132276.730032,10.42.0.49,61395.0,99.81.71.200,443.0,TCP,54,61395  >  443 [ACK] Seq=28696 Ack=16999 Win=5111 Len=0,0.125319
1248,405147.300826,10.42.0.13,51489.0,10.42.0.28,80.0,TCP,54,51494  >  80 [ACK] Seq=1 Ack=1 Win=65535 Len=0,0.000109
1249,1176177.590985,10.42.0.49,52432.0,10.42.0.13,50881.0,HTTP,1096,Continuation,0.006816
1250,429785.363366,10.42.0.13,62892.0,10.42.0.49,52432.0,TCP,54,62892  >  52432 [ACK] Seq=496 Ack=1781 Win=65535 Len=0,0.005452
1251,1162116.379889,10.42.0.49,52432.0,10.42.0.13,50612.0,TCP,54,[TCP Keep-Alive ACK] 52432  >  50610 [ACK] Seq=1781 Ack=496 Win=5345 Len=0,0.00
1252,1155558.570989,10.42.0.49,52432.0,10.42.0.13,50575.0,TCP,54,52432  >  50533 [ACK] Seq=1781 Ack=497 Win=5344 Len=0,0.004468
1253,1160840.07823,10.42.0.49,5353.0,10.42.0.13,5353.0,MDNS,174,"Standard query response 0x0000 TXT MSS210-9f39._hap._tcp.local, ""QU"" question TXT",0.000222
1254,1170927.417742,10.42.0.49,61395.0,99.81.71.200,443.0,TLSv1.2,555,Application Data,0.034372
1255,1177384.596288,10.42.0.49,61395.0,99.81.71.200,443.0,TLSv1.2,539,Application Data,0.136712
1256,1170927.539312,10.42.0.49,52432.0,10.42.0.13,50895.0,TCP,58,"52432  >  50876 [SYN, ACK] Seq=0 Ack=1 Win=5840 Len=0 MSS=1460",0.00011
1257,351024.452512,10.42.0.28,80.0,10.42.0.13,51373.0,TCP,54,80  >  51387 [ACK] Seq=1 Ack=483 Win=2438 Len=0,0.001019
1258,1146869.902959,10.42.0.13,50525.0,10.42.0.49,52432.0,TCP,54,50590  >  52432 [ACK] Seq=163 Ack=221 Win=65535 Len=0,0.001043
1259,1166231.033511,10.42.0.49,61395.0,99.81.71.200,443.0,TLSv1.2,539,Application Data,0.012252
1260,1155838.38809,10.42.0.49,52432.0,10.42.0.13,50534.0,TCP,54,"52432  >  50538 [FIN, ACK] Seq=1781 Ack=497 Win=5344 Len=0",0.007358
1261,351019.548411,10.42.0.49,52432.0,10.42.0.13,61781.0,HTTP,135,HTTP/1.1 200 OK  (application/pairing+tlv8),0.044467
1262,1160179.664111,10.42.0.49,52432.0,10.42.0.13,50714.0,TCP,54,52432  >  50832 [ACK] Seq=1 Ack=163 Win=5678 Len=0,0.000115
1263,350988.055978,10.42.0.49,61388.0,54.216.1.110,443.0,TLSv1.2,123,Application Data,16.25545
1264,246304.387024,10.42.0.49,52432.0,10.42.0.13,60001.0,TCP,54,52432  >  62020 [ACK] Seq=1781 Ack=497 Win=5344 Len=0,0.000143
1265,1174077.521312,10.42.0.49,61395.0,99.81.71.200,443.0,TLSv1.2,555,Application Data,0.008719
1266,353509.49951,10.42.0.13,51468.0,10.42.0.28,80.0,TCP,54,51342  >  80 [ACK] Seq=1 Ack=1 Win=65535 Len=0,0.004895
1267,1141806.952631,10.42.0.13,50526.0,10.42.0.49,52432.0,TCP,54,50524  >  52432 [ACK] Seq=496 Ack=1344 Win=65535 Len=0,0.003674
1268,1131939.535956,10.42.0.13,50575.0,10.42.0.49,52432.0,TCP,54,50555  >  52432 [ACK] Seq=414 Ack=302 Win=65535 Len=0,0.000334
1269,1150827.628062,10.42.0.13,50557.0,10.42.0.49,52432.0,TCP,54,50560  >  52432 [ACK] Seq=496 Ack=1781 Win=65535 Len=0,0.003766
1270,354101.841796,10.42.0.13,51378.0,10.42.0.28,80.0,TCP,54,51381  >  80 [ACK] Seq=483 Ack=103 Win=65535 Len=0,0.000117
1271,1163939.183213,10.42.0.49,52432.0,10.42.0.13,50324.0,TCP,54,52432  >  50363 [ACK] Seq=1 Ack=163 Win=5678 Len=0,0.201027
1272,1183939.064647,10.42.0.49,5353.0,10.42.0.13,5353.0,MDNS,174,"Standard query response 0x0000 TXT MSS210-9f39._hap._tcp.local, ""QU"" question TXT",0.000841
1273,1166923.858389,10.42.0.49,61395.0,99.81.71.200,443.0,TLSv1.2,539,Application Data,0.053453
1274,355633.18159,10.42.0.49,5353.0,10.42.0.13,5353.0,MDNS,174,"Standard query response 0x0000 TXT MSS210-9f39._hap._tcp.local, ""QU"" question TXT",0.001254
1275,243591.543652,10.42.0.13,59484.0,10.42.0.49,52432.0,TCP,54,59474  >  52432 [ACK] Seq=496 Ack=1781 Win=65535 Len=0,0.003151
1276,351002.059437,10.42.0.13,51387.0,10.42.0.28,80.0,TCP,54,51381  >  80 [ACK] Seq=482 Ack=103 Win=65535 Len=0,0.000105
1277,1132277.413284,10.42.0.49,61395.0,99.81.71.200,443.0,TCP,54,61395  >  443 [ACK] Seq=34922 Ack=13030 Win=5849 Len=0,0.100818
1278,1136499.060472,10.42.0.13,50395.0,10.42.0.49,52432.0,TCP,54,50390  >  52432 [ACK] Seq=497 Ack=1782 Win=65535 Len=0,0.004669
1279,1158388.68451,10.42.0.49,5353.0,10.42.0.13,5353.0,MDNS,174,"Standard query response 0x0000 TXT MSS210-9f39._hap._tcp.local, ""QU"" question TXT",0.000983
1280,264359.445326,10.42.0.13,59486.0,10.42.0.49,52432.0,TCP,54,59484  >  52432 [ACK] Seq=496 Ack=1344 Win=65535 Len=0,0.004623
1281,351007.132727,10.42.0.49,52432.0,10.42.0.13,61919.0,TCP,54,52432  >  61932 [ACK] Seq=1 Ack=163 Win=5678 Len=0,0.001012
1282,351019.79888,10.42.0.49,61388.0,54.216.1.110,443.0,TLSv1.2,123,Application Data,3.215312
1283,1158387.948732,10.42.0.49,52432.0,10.42.0.13,50535.0,HTTP,274,HTTP/1.1 200 OK  (application/pairing+tlv8),0.044794
1284,1150910.666917,10.42.0.13,50750.0,10.42.0.49,52432.0,TCP,54,50550  >  52432 [ACK] Seq=496 Ack=1781 Win=65535 Len=0,0.000104
1285,1156060.756647,10.42.0.49,61395.0,99.81.71.200,443.0,TLSv1.2,539,Application Data,0.108532
1286,351019.693951,10.42.0.13,51363.0,10.42.0.28,80.0,TCP,54,51393  >  80 [ACK] Seq=1 Ack=1 Win=65535 Len=0,0.000243
1287,1166730.537792,10.42.0.49,52432.0,10.42.0.13,50881.0,TCP,54,52432  >  50832 [ACK] Seq=1781 Ack=497 Win=5344 Len=0,0.001477
1288,1182027.898469,10.42.0.13,59190.0,10.42.0.49,52432.0,TCP,54,50949  >  52432 [ACK] Seq=1 Ack=1 Win=65535 Len=0,0.002599
1289,1163939.03979,10.42.0.13,50756.0,10.42.0.49,52432.0,TCP,54,50595  >  52432 [ACK] Seq=163 Ack=221 Win=65535 Len=0,0.003046
1290,374871.362645,10.42.0.13,61917.0,10.42.0.49,52432.0,TCP,54,61976  >  52432 [ACK] Seq=496 Ack=1781 Win=65535 Len=0,0.003287
1291,422075.588637,10.42.0.49,5353.0,10.42.0.13,5353.0,MDNS,174,"Standard query response 0x0000 TXT MSS210-9f39._hap._tcp.local, ""QU"" question TXT",0.000811
1292,1150921.478517,10.42.0.49,61395.0,99.81.71.200,443.0,TLSv1.2,555,Application Data,0.098636
1293,1178006.24456,10.42.0.49,5353.0,10.42.0.13,5353.0,MDNS,174,"Standard query response 0x0000 TXT MSS210-9f39._hap._tcp.local, ""QU"" question TXT",0.001249
1294,1148063.068556,10.42.0.13,50552.0,10.42.0.49,52432.0,TCP,54,50526  >  52432 [ACK] Seq=496 Ack=1781 Win=65535 Len=0,0.003328
1295,243591.385224,10.42.0.13,59477.0,10.42.0.49,52432.0,TCP,54,59476  >  52432 [ACK] Seq=496 Ack=1344 Win=65535 Len=0,0.005197
1296,356630.640245,10.42.0.49,5353.0,10.42.0.13,5353.0,MDNS,174,"Standard query response 0x0000 TXT MSS210-9f39._hap._tcp.local, ""QU"" question TXT",0.001089
1297,1165693.67112,10.42.0.49,61395.0,99.81.71.200,443.0,TLSv1.2,539,Application Data,0.038795
1298,1143426.980461,10.42.0.49,52432.0,10.42.0.13,50492.0,TCP,54,[TCP Keep-Alive ACK] 52432  >  50949 [ACK] Seq=1781 Ack=496 Win=5345 Len=0,0.00
1299,1178006.76465,10.42.0.49,52432.0,10.42.0.13,58256.0,TCP,54,52432  >  50702 [ACK] Seq=1781 Ack=497 Win=5344 Len=0,0.000222
1300,1148620.969626,10.42.0.49,5353.0,10.42.0.13,5353.0,MDNS,174,"Standard query response 0x0000 TXT MSS210-9f39._hap._tcp.local, ""QU"" question TXT",0.000817
1301,1174901.47079,10.42.0.49,61395.0,99.81.71.200,443.0,TCP,54,61395  >  443 [ACK] Seq=145227 Ack=12740 Win=5249 Len=0,0.162618
1302,355631.488065,10.42.0.49,52432.0,10.42.0.13,61820.0,TCP,54,52432  >  61836 [ACK] Seq=1781 Ack=497 Win=5344 Len=0,0.001964
1303,356585.729729,10.42.0.49,52432.0,10.42.0.13,61881.0,TCP,54,52432  >  61876 [ACK] Seq=1781 Ack=497 Win=5344 Len=0,0.000232
1304,320015.110865,10.42.0.13,59687.0,10.42.0.49,52432.0,TCP,54,59607  >  52432 [ACK] Seq=1 Ack=1 Win=65535 Len=0,0.002466
1305,1137825.70446,10.42.0.49,5353.0,10.42.0.13,5353.0,MDNS,174,"Standard query response 0x0000 TXT MSS210-9f39._hap._tcp.local, ""QU"" question TXT",0.010711
1306,412507.321072,10.42.0.49,61389.0,54.216.1.110,443.0,TCP,54,61389  >  443 [ACK] Seq=14928 Ack=11590 Win=5849 Len=0,0.162565
1307,1163325.589635,10.42.0.49,61395.0,99.81.71.200,443.0,TCP,54,61395  >  443 [ACK] Seq=17579 Ack=17899 Win=5702 Len=0,0.108876
1308,1132277.92676,10.42.0.49,52432.0,10.42.0.13,50349.0,TCP,54,52432  >  50854 [ACK] Seq=1 Ack=163 Win=5678 Len=0,0.004099
1309,1181125.621462,10.42.0.49,52432.0,10.42.0.13,50495.0,TCP,54,52432  >  50612 [ACK] Seq=1 Ack=163 Win=5678 Len=0,0.006539
1310,1132277.608897,10.42.0.13,50312.0,10.42.0.49,52432.0,TCP,54,50324  >  52432 [ACK] Seq=496 Ack=1781 Win=65535 Len=0,0.000115
1311,1170555.571462,10.42.0.49,52432.0,10.42.0.13,50576.0,TCP,54,"52432  >  50555 [FIN, ACK] Seq=1781 Ack=497 Win=5344 Len=0",0.001091
1312,350989.146654,10.42.0.13,61704.0,10.42.0.28,80.0,TCP,54,61384  >  80 [ACK] Seq=483 Ack=103 Win=65535 Len=0,0.002257
1313,351002.032166,10.42.0.13,51349.0,10.42.0.28,80.0,TCP,54,51365  >  80 [ACK] Seq=482 Ack=103 Win=65535 Len=0,0.000104
1314,1182027.998061,10.42.0.49,61395.0,99.81.71.200,443.0,TLSv1.2,123,Application Data,1.215972
1315,1166862.624755,10.42.0.49,52432.0,10.42.0.13,50857.0,TCP,54,52432  >  50868 [ACK] Seq=1 Ack=163 Win=5678 Len=0,0.120187
1316,1132277.977161,10.42.0.13,50329.0,10.42.0.49,52432.0,TCP,54,50329  >  52432 [ACK] Seq=496 Ack=1781 Win=65535 Len=0,0.004732
1317,1143475.035862,10.42.0.49,52432.0,10.42.0.13,50550.0,TCP,54,52432  >  50532 [ACK] Seq=1781 Ack=497 Win=5344 Len=0,0.002625
1318,427092.706391,10.42.0.49,52432.0,10.42.0.13,62602.0,HTTP,491,Continuation,0.001299
1319,1132276.366725,10.42.0.49,61395.0,99.81.71.200,443.0,TLSv1.2,539,Application Data,0.123256
1320,1143445.806532,10.42.0.49,5353.0,10.42.0.13,5353.0,MDNS,174,"Standard query response 0x0000 TXT MSS210-9f39._hap._tcp.local, ""QU"" question TXT",0.000387
1321,235925.902896,10.42.0.13,52732.0,10.42.0.28,80.0,TCP,54,52968  >  80 [ACK] Seq=1 Ack=1 Win=65535 Len=0,0.000109
1322,1170515.606478,10.42.0.49,5353.0,10.42.0.13,5353.0,MDNS,174,"Standard query response 0x0000 TXT MSS210-9f39._hap._tcp.local, ""QU"" question TXT",0.008865
1323,351019.324142,10.42.0.13,51387.0,10.42.0.28,80.0,TCP,54,51343  >  80 [ACK] Seq=483 Ack=103 Win=65535 Len=0,0.000127
1324,1178006.698879,10.42.0.49,5353.0,10.42.0.13,5353.0,MDNS,174,"Standard query response 0x0000 TXT MSS210-9f39._hap._tcp.local, ""QU"" question TXT",0.010895
1325,3741.29593,10.42.0.140,59870.0,10.42.0.28,80.0,TCP,54,59854  >  80 [ACK] Seq=1 Ack=1 Win=65535 Len=0,0.000105
1326,1150938.630581,10.42.0.13,50550.0,10.42.0.49,52432.0,TCP,54,50555  >  52432 [ACK] Seq=496 Ack=1344 Win=65535 Len=0,0.003111
1327,1165693.052516,10.42.0.49,5353.0,224.0.0.251,5353.0,MDNS,305,"Standard query response 0x0000 PTR MSS210-9f39._hap._tcp.local SRV, cache flush 0 0 52432 Meross_Smart_Plug.local TXT, cache flush A",
1328,1152929.512088,10.42.0.13,50557.0,10.42.0.49,52432.0,TCP,54,50552  >  52432 [ACK] Seq=496 Ack=1781 Win=65535 Len=0,0.000115
1329,355631.107604,10.42.0.49,5353.0,10.42.0.13,5353.0,MDNS,174,"Standard query response 0x0000 TXT MSS210-9f39._hap._tcp.local, ""QU"" question TXT",0.001055
1330,353509.436859,10.42.0.13,61827.0,10.42.0.49,52432.0,TCP,54,61859  >  52432 [ACK] Seq=496 Ack=1344 Win=65535 Len=0,0.003351
1331,411001.680663,10.42.0.13,51717.0,10.42.0.28,80.0,TCP,54,51729  >  80 [ACK] Seq=483 Ack=103 Win=65535 Len=0,0.000187
1332,353509.08263,10.42.0.13,51828.0,10.42.0.49,52432.0,TCP,54,59804  >  52432 [ACK] Seq=1 Ack=1 Win=65535 Len=0,0.003854
1333,1132277.914513,10.42.0.13,50326.0,10.42.0.49,52432.0,TCP,54,50325  >  52432 [ACK] Seq=414 Ack=302 Win=65535 Len=0,0.003249
1334,351019.903314,10.42.0.28,80.0,10.42.0.13,51387.0,TCP,54,80  >  51383 [ACK] Seq=1 Ack=483 Win=2438 Len=0,0.002415
1335,1151382.809542,10.42.0.13,50551.0,10.42.0.49,52432.0,TCP,54,50551  >  52432 [ACK] Seq=496 Ack=1344 Win=65535 Len=0,0.003152
1336,324132.966767,10.42.0.13,50141.0,10.42.0.28,80.0,TCP,54,50134  >  80 [ACK] Seq=483 Ack=103 Win=65535 Len=0,0.000105
1337,255906.325468,10.42.0.13,52727.0,10.42.0.28,80.0,TCP,54,52777  >  80 [ACK] Seq=482 Ack=103 Win=65535 Len=0,0.000101
1338,1132277.775432,10.42.0.49,61395.0,99.81.71.200,443.0,TLSv1.2,539,Application Data,0.122541
1339,1174542.610144,10.42.0.49,5353.0,10.42.0.13,5353.0,MDNS,174,"Standard query response 0x0000 TXT MSS210-9f39._hap._tcp.local, ""QU"" question TXT",0.009481
1340,405060.841136,10.42.0.28,80.0,10.42.0.13,51461.0,TCP,58,"80  >  51468 [SYN, ACK] Seq=0 Ack=1 Win=2920 Len=0 MSS=1460",0.000113
1341,251263.536847,10.42.0.13,59827.0,10.42.0.49,52432.0,TCP,54,59828  >  52432 [ACK] Seq=496 Ack=1781 Win=65535 Len=0,0.004494
1342,1132277.477037,10.42.0.49,61395.0,99.81.71.200,443.0,TLSv1.2,555,Application Data,0.10606
1343,1132277.587269,10.42.0.49,61395.0,99.81.71.200,443.0,TLSv1.2,539,Application Data,0.006529
1344,259875.100055,10.42.0.28,80.0,10.42.0.13,52740.0,TCP,54,80  >  52707 [ACK] Seq=1 Ack=482 Win=2439 Len=0,0.001056
1345,1178000.466526,10.42.0.13,50724.0,10.42.0.49,52432.0,TCP,54,50702  >  52432 [ACK] Seq=414 Ack=302 Win=65535 Len=0,0.005653
1346,1158388.982957,10.42.0.13,50594.0,10.42.0.49,52432.0,TCP,54,50599  >  52432 [ACK] Seq=163 Ack=221 Win=65535 Len=0,0.000243
1347,351019.649111,10.42.0.13,51353.0,10.42.0.28,80.0,TCP,54,51395  >  80 [ACK] Seq=1 Ack=1 Win=65535 Len=0,0.000122
1348,422074.92623,10.42.0.49,61389.0,54.216.1.110,443.0,TLSv1.2,555,Application Data,0.095941
1349,351019.55878,10.42.0.13,51353.0,10.42.0.28,80.0,TCP,54,51353  >  80 [ACK] Seq=1 Ack=1 Win=65535 Len=0,0.003881
1350,1152028.589769,10.42.0.13,50556.0,10.42.0.49,52432.0,TCP,54,50555  >  52432 [ACK] Seq=496 Ack=1781 Win=65535 Len=0,0.003275
1351,1132276.26033,10.42.0.49,5353.0,10.42.0.13,5353.0,MDNS,174,"Standard query response 0x0000 TXT MSS210-9f39._hap._tcp.local, ""QU"" question TXT",0.000276
1352,1182027.994345,10.42.0.49,61395.0,99.81.71.200,443.0,TCP,54,61395  >  443 [ACK] Seq=111977 Ack=11208 Win=5111 Len=0,0.111155
1353,405089.074311,10.42.0.28,80.0,10.42.0.13,51468.0,TCP,58,"80  >  51429 [SYN, ACK] Seq=0 Ack=1 Win=2920 Len=0 MSS=1460",0.001025
1354,1131227.326528,10.42.0.13,50325.0,10.42.0.49,52432.0,TCP,54,50325  >  52432 [ACK] Seq=163 Ack=221 Win=65535 Len=0,0.000153
1355,351008.287318,10.42.0.13,51364.0,10.42.0.28,80.0,TCP,54,51383  >  80 [ACK] Seq=482 Ack=103 Win=65535 Len=0,0.001018
1356,1178006.583649,10.42.0.13,50742.0,10.42.0.49,52432.0,TCP,54,50948  >  52432 [ACK] Seq=1 Ack=1 Win=65535 Len=0,0.003455
1357,351019.566311,10.42.0.13,51387.0,10.42.0.28,80.0,TCP,54,51381  >  80 [ACK] Seq=483 Ack=103 Win=65535 Len=0,0.000115
1358,255908.019527,10.42.0.13,52981.0,10.42.0.28,80.0,TCP,54,52909  >  80 [ACK] Seq=482 Ack=102 Win=65535 Len=0,0.000105
1359,238907.697077,10.42.0.49,52432.0,10.42.0.13,59693.0,HTTP,135,HTTP/1.1 200 OK  (application/pairing+tlv8),0.044204
1360,246304.052678,10.42.0.13,5353.0,10.42.0.49,5353.0,MDNS,87,"Standard query 0x0000 TXT MSS210-9f39._hap._tcp.local, ""QU"" question",0.000011
1361,351019.631197,10.42.0.28,80.0,10.42.0.13,51363.0,TCP,58,"80  >  51383 [SYN, ACK] Seq=0 Ack=1 Win=2920 Len=0 MSS=1460",0.001076
1362,1132279.298115,10.42.0.13,50329.0,10.42.0.49,52432.0,TCP,54,50328  >  52432 [ACK] Seq=496 Ack=1781 Win=65535 Len=0,0.003112
1363,324132.108064,10.42.0.13,50340.0,10.42.0.28,80.0,TCP,54,50341  >  80 [ACK] Seq=1 Ack=1 Win=65535 Len=0,0.001025
1364,318572.905135,10.42.0.28,55988.0,34.241.185.170,443.0,TCP,54,55988  >  443 [ACK] Seq=2701 Ack=34202 Win=2785 Len=0,0.003258
1365,1142630.234746,10.42.0.49,52432.0,10.42.0.13,50532.0,TCP,54,52432  >  50364 [ACK] Seq=1781 Ack=497 Win=5344 Len=0,0.002328
1366,1156830.779312,10.42.0.49,61395.0,99.81.71.200,443.0,TLSv1.2,539,Application Data,0.039258
1367,351019.647052,10.42.0.13,51387.0,10.42.0.28,80.0,TCP,54,51384  >  80 [ACK] Seq=483 Ack=103 Win=65535 Len=0,0.000101
1368,1164531.612315,10.42.0.49,52432.0,10.42.0.13,50520.0,TCP,54,52432  >  50532 [ACK] Seq=1 Ack=163 Win=5678 Len=0,0.002249
1369,1155550.616384,10.42.0.49,61395.0,99.81.71.200,443.0,TLSv1.2,555,Application Data,0.111517
1370,410997.028557,10.42.0.13,51526.0,10.42.0.28,80.0,TCP,54,51526  >  80 [ACK] Seq=482 Ack=102 Win=65535 Len=0,0.000105
1371,1174245.536358,10.42.0.13,50533.0,10.42.0.49,52432.0,TCP,54,50553  >  52432 [ACK] Seq=496 Ack=1344 Win=65535 Len=0,0.000165
1372,351015.660821,10.42.0.13,51347.0,10.42.0.28,80.0,TCP,54,51341  >  80 [ACK] Seq=515 Ack=104 Win=65535 Len=0,0.000107
1373,1132277.626655,10.42.0.13,50324.0,10.42.0.28,80.0,TCP,54,65052  >  80 [ACK] Seq=483 Ack=103 Win=65535 Len=0,0.000108
1374,375583.71101,10.42.0.49,52432.0,10.42.0.13,61878.0,TCP,54,52432  >  61887 [ACK] Seq=1781 Ack=497 Win=5344 Len=0,0.000118
1375,1178006.623331,10.42.0.49,61395.0,99.81.71.200,443.0,TLSv1.2,539,Application Data,0.004899
1376,1177055.443158,10.42.0.49,52432.0,10.42.0.13,50505.0,TCP,54,52432  >  50532 [ACK] Seq=1 Ack=163 Win=5678 Len=0,0.002551
1377,1174069.055466,10.42.0.13,50634.0,10.42.0.49,52432.0,TCP,54,50604  >  52432 [ACK] Seq=496 Ack=1781 Win=65535 Len=0,0.003315
1378,423708.657597,10.42.0.49,61389.0,54.216.1.110,443.0,TCP,54,61389  >  443 [ACK] Seq=11079 Ack=12731 Win=4511 Len=0,0.120966
1379,1178006.186197,10.42.0.13,50918.0,10.42.0.49,52432.0,TCP,54,50960  >  52432 [ACK] Seq=1 Ack=1 Win=65535 Len=0,0.002471
1380,351019.616159,10.42.0.28,80.0,10.42.0.13,51363.0,TCP,58,"80  >  51360 [SYN, ACK] Seq=0 Ack=1 Win=2920 Len=0 MSS=1460",0.000175
1381,1145607.232849,10.42.0.13,50524.0,10.42.0.49,52432.0,TCP,54,50524  >  52432 [ACK] Seq=496 Ack=1344 Win=65535 Len=0,0.003928
1382,351024.620849,10.42.0.13,51381.0,10.42.0.28,80.0,TCP,54,51368  >  80 [ACK] Seq=483 Ack=103 Win=65535 Len=0,0.000101
1383,1166902.652554,10.42.0.49,61395.0,99.81.71.200,443.0,TCP,54,61395  >  443 [ACK] Seq=25066 Ack=14458 Win=5702 Len=0,0.007381
1384,1171377.766328,10.42.0.49,61395.0,99.81.71.200,443.0,TCP,54,61395  >  443 [ACK] Seq=21192 Ack=199730 Win=4520 Len=0,0.175923
1385,1170550.698588,10.42.0.49,5353.0,10.42.0.13,5353.0,MDNS,270,"Standard query response 0x0000 PTR _hap._tcp.local, ""QU"" question PTR MSS210-9f39._hap._tcp.local SRV 0 0 52432 Meross_Smart_Pl",
1386,1156070.930214,10.42.0.49,61395.0,99.81.71.200,443.0,TLSv1.2,555,Application Data,0.108511
1387,1167723.59009,10.42.0.49,52432.0,10.42.0.13,50705.0,TCP,54,52432  >  50520 [ACK] Seq=1781 Ack=497 Win=5344 Len=0,0.000125
1388,1158202.645496,10.42.0.13,50557.0,10.42.0.49,52432.0,TCP,54,50552  >  52432 [ACK] Seq=497 Ack=1782 Win=65535 Len=0,0.000123
1389,373225.772075,10.42.0.49,52432.0,10.42.0.13,61958.0,TCP,54,52432  >  61982 [ACK] Seq=1 Ack=163 Win=5678 Len=0,0.159941
1390,1132277.90279,10.42.0.49,61395.0,99.81.71.200,443.0,TLSv1.2,539,Application Data,0.036857
1391,429373.063424,10.42.0.13,62763.0,10.42.0.49,52432.0,TCP,54,62727  >  52432 [ACK] Seq=496 Ack=1781 Win=65535 Len=0,0.003025
1392,1132277.668666,10.42.0.13,50859.0,10.42.0.49,52432.0,TCP,54,50630  >  52432 [ACK] Seq=496 Ack=1781 Win=65535 Len=0,0.007397
1393,1132277.342865,10.42.0.13,50329.0,10.42.0.49,52432.0,TCP,54,50325  >  52432 [ACK] Seq=496 Ack=1781 Win=65535 Len=0,0.003278
1394,1166707.984244,10.42.0.49,5353.0,10.42.0.13,5353.0,MDNS,174,"Standard query response 0x0000 TXT MSS210-9f39._hap._tcp.local, ""QU"" question TXT",0.000985
1395,350984.902194,10.42.0.13,51369.0,10.42.0.28,80.0,TCP,54,51349  >  80 [ACK] Seq=1 Ack=1 Win=65535 Len=0,0.000231
1396,429978.400014,10.42.0.49,52432.0,10.42.0.13,62711.0,TCP,54,52432  >  62505 [ACK] Seq=1781 Ack=497 Win=5344 Len=0,0.000102
1397,356507.322115,10.42.0.13,61836.0,10.42.0.49,52432.0,TCP,54,61838  >  52432 [ACK] Seq=497 Ack=1782 Win=65535 Len=0,0.003253
1398,351015.110416,10.42.0.28,80.0,10.42.0.13,51365.0,TCP,58,"80  >  51351 [SYN, ACK] Seq=0 Ack=1 Win=2920 Len=0 MSS=1460",0.001117
1399,243591.565429,10.42.0.49,52432.0,10.42.0.13,59768.0,HTTP,491,Continuation,0.006746
1400,1149474.68109,10.42.0.49,5353.0,10.42.0.13,5353.0,MDNS,174,"Standard query response 0x0000 TXT MSS210-9f39._hap._tcp.local, ""QU"" question TXT",0.001029
1401,351008.363177,10.42.0.13,51363.0,10.42.0.28,80.0,TCP,54,51363  >  80 [ACK] Seq=483 Ack=103 Win=65535 Len=0,0.000105
1402,1165693.55862,10.42.0.49,61395.0,99.81.71.200,443.0,TLSv1.2,123,Application Data,0.040256
1403,1134136.906246,10.42.0.49,5353.0,10.42.0.13,5353.0,MDNS,174,"Standard query response 0x0000 TXT MSS210-9f39._hap._tcp.local, ""QU"" question TXT",0.000113
1404,1132277.410626,10.42.0.49,61395.0,99.81.71.200,443.0,TCP,54,61395  >  443 [ACK] Seq=10627 Ack=12137 Win=5849 Len=0,0.122557
1405,242656.76665,10.42.0.49,52432.0,10.42.0.13,59827.0,TCP,54,52432  >  59827 [ACK] Seq=1781 Ack=497 Win=5344 Len=0,0.000115
1406,1141142.50599,10.42.0.49,52432.0,10.42.0.13,50505.0,TCP,54,52432  >  50505 [ACK] Seq=1781 Ack=497 Win=5344 Len=0,0.000113
1407,1165691.128963,10.42.0.49,61395.0,99.81.71.200,443.0,TCP,54,61395  >  443 [ACK] Seq=25776 Ack=107519 Win=5702 Len=0,0.113895
1408,321985.505777,10.42.0.49,5353.0,10.42.0.13,5353.0,MDNS,174,"Standard query response 0x0000 TXT MSS210-9f39._hap._tcp.local, ""QU"" question TXT",0.000676
1409,1132279.866072,10.42.0.13,50341.0,10.42.0.49,52432.0,TCP,54,50326  >  52432 [ACK] Seq=496 Ack=1781 Win=65535 Len=0,0.000244
1410,1153459.856844,10.42.0.49,5353.0,10.42.0.13,5353.0,MDNS,174,"Standard query response 0x0000 TXT MSS210-9f39._hap._tcp.local, ""QU"" question TXT",0.000581
1411,1161939.09952,10.42.0.49,5353.0,10.42.0.13,5353.0,MDNS,174,"Standard query response 0x0000 TXT MSS210-9f39._hap._tcp.local, ""QU"" question TXT",0.010947
1412,238904.80524,10.42.0.49,52432.0,10.42.0.13,59687.0,TCP,54,52432  >  59872 [ACK] Seq=1 Ack=163 Win=5678 Len=0,0.205543
1413,1141861.935681,10.42.0.49,52432.0,10.42.0.13,50610.0,TCP,54,52432  >  50611 [ACK] Seq=1781 Ack=497 Win=5344 Len=0,0.003135
1414,1165690.656947,10.42.0.49,61395.0,99.81.71.200,443.0,TLSv1.2,539,Application Data,0.008515
1415,405089.028017,10.42.0.28,80.0,10.42.0.13,51464.0,TCP,58,"80  >  51438 [SYN, ACK] Seq=0 Ack=1 Win=2920 Len=0 MSS=1460",0.000114
1416,350988.180551,10.42.0.49,52432.0,10.42.0.13,61719.0,HTTP,135,HTTP/1.1 200 OK  (application/pairing+tlv8),0.043619
1417,351019.059478,10.42.0.28,80.0,10.42.0.13,51341.0,TCP,54,80  >  51383 [ACK] Seq=1 Ack=483 Win=2438 Len=0,0.002405
1418,1158388.054721,10.42.0.49,61395.0,99.81.71.200,443.0,TCP,54,61395  >  443 [ACK] Seq=10688 Ack=27999 Win=4520 Len=0,0.100557
1419,243592.157911,10.42.0.13,59468.0,10.42.0.49,52432.0,TCP,54,59494  >  52432 [ACK] Seq=496 Ack=1781 Win=65535 Len=0,0.004246
1420,1157120.421151,10.42.0.13,50555.0,10.42.0.49,52432.0,TCP,54,50551  >  52432 [ACK] Seq=163 Ack=221 Win=65535 Len=0,0.000248
1421,1171354.800946,10.42.0.49,5353.0,10.42.0.13,5353.0,MDNS,174,"Standard query response 0x0000 TXT MSS210-9f39._hap._tcp.local, ""QU"" question TXT",0.000753
1422,1156560.714572,10.42.0.49,61395.0,99.81.71.200,443.0,TLSv1.2,555,Application Data,0.106011
1423,1155550.462117,10.42.0.13,50575.0,10.42.0.49,52432.0,TCP,54,50551  >  52432 [ACK] Seq=496 Ack=1781 Win=65535 Len=0,0.006973
1424,1167207.417718,10.42.0.49,61395.0,99.81.71.200,443.0,TLSv1.2,555,Application Data,0.052745
1425,1149547.61319,10.42.0.49,61395.0,99.81.71.200,443.0,TLSv1.2,539,Application Data,0.059789
1426,1165693.06592,10.42.0.49,52432.0,10.42.0.13,50533.0,TCP,54,52432  >  50530 [ACK] Seq=1781 Ack=497 Win=5344 Len=0,0.000111
1427,1132277.528538,10.42.0.49,52432.0,10.42.0.13,50557.0,TCP,54,"52432  >  50554 [FIN, ACK] Seq=1781 Ack=497 Win=5344 Len=0",0.000117
1428,320325.107475,10.42.0.28,80.0,10.42.0.13,51349.0,TCP,54,80  >  51385 [ACK] Seq=1 Ack=482 Win=2438 Len=0,0.002327
1429,351024.61239,10.42.0.13,51387.0,10.42.0.28,80.0,TCP,54,51363  >  80 [ACK] Seq=1 Ack=1 Win=65535 Len=0,0.000101
1430,1178938.163027,10.42.0.49,52432.0,10.42.0.13,50895.0,TCP,54,52432  >  50949 [ACK] Seq=1781 Ack=497 Win=5344 Len=0,0.002377
1431,1132277.463727,10.42.0.49,61395.0,99.81.71.200,443.0,TCP,54,61395  >  443 [ACK] Seq=25868 Ack=17797 Win=5345 Len=0,0.196969
1432,1142942.605127,10.42.0.49,52432.0,10.42.0.13,50549.0,TCP,54,52432  >  50504 [ACK] Seq=1781 Ack=497 Win=5344 Len=0,0.004488
1433,416844.416011,10.42.0.49,61389.0,54.216.1.110,443.0,TLSv1.2,555,Application Data,0.095867
1434,371711.115536,10.42.0.13,59695.0,10.42.0.49,52432.0,TCP,54,59759  >  52432 [ACK] Seq=414 Ack=302 Win=65535 Len=0,0.004559
1435,405150.058057,10.42.0.13,51472.0,10.42.0.28,80.0,TCP,54,51520  >  80 [ACK] Seq=1 Ack=1 Win=65535 Len=0,0.004255
1436,1178000.599434,10.42.0.49,52432.0,10.42.0.13,50949.0,HTTP,1096,Continuation,0.006505
1437,1134477.783144,10.42.0.49,52432.0,10.42.0.13,50394.0,HTTP,1096,Continuation,0.007225
1438,1167089.63409,10.42.0.49,61395.0,99.81.71.200,443.0,TLSv1.2,539,Application Data,0.100084
1439,1132277.968996,10.42.0.13,50756.0,10.42.0.49,52432.0,TCP,54,50870  >  52432 [ACK] Seq=414 Ack=302 Win=65535 Len=0,0.000268
1440,1131940.579924,10.42.0.49,52432.0,10.42.0.13,50541.0,HTTP,1096,Continuation,0.007667
1441,351008.322889,10.42.0.13,51349.0,10.42.0.28,80.0,TCP,54,51343  >  80 [ACK] Seq=1 Ack=1 Win=65535 Len=0,0.004333
1442,1175196.41814,10.42.0.49,61395.0,99.81.71.200,443.0,TLSv1.2,555,Application Data,0.010254
1443,374572.601368,10.42.0.13,61978.0,10.42.0.49,52432.0,TCP,54,61871  >  52432 [ACK] Seq=497 Ack=1782 Win=65535 Len=0,0.007045
1444,1175428.205594,10.42.0.49,5353.0,10.42.0.13,5353.0,MDNS,174,"Standard query response 0x0000 TXT MSS210-9f39._hap._tcp.local, ""QU"" question TXT",0.007816
1445,1178000.685159,10.42.0.49,52432.0,10.42.0.13,50548.0,HTTP,135,HTTP/1.1 200 OK  (application/pairing+tlv8),0.048851
1446,1132277.550633,10.42.0.13,50326.0,10.42.0.28,80.0,TCP,54,65052  >  80 [ACK] Seq=483 Ack=103 Win=65535 Len=0,0.000105
1447,1170554.411086,10.42.0.49,52432.0,10.42.0.13,50550.0,TCP,54,52432  >  50530 [ACK] Seq=1781 Ack=497 Win=5344 Len=0,0.000149
1448,351019.194314,10.42.0.49,5353.0,10.42.0.13,5353.0,MDNS,174,"Standard query response 0x0000 TXT MSS210-9f39._hap._tcp.local, ""QU"" question TXT",0.000545
1449,356792.932795,10.42.0.49,52432.0,10.42.0.13,61812.0,HTTP,1096,Continuation,0.006145
1450,1175730.988755,10.42.0.49,5353.0,10.42.0.13,5353.0,MDNS,174,"Standard query response 0x0000 TXT MSS210-9f39._hap._tcp.local, ""QU"" question TXT",0.010768
1451,1178000.436574,10.42.0.13,50751.0,10.42.0.49,52432.0,TCP,54,50750  >  52432 [ACK] Seq=496 Ack=1781 Win=65535 Len=0,0.002475
1452,1152261.352527,10.42.0.49,61395.0,99.81.71.200,443.0,TLSv1.2,539,Application Data,0.159496
1453,1170598.122628,10.42.0.13,50956.0,10.42.0.49,52432.0,TCP,54,50990  >  52432 [ACK] Seq=496 Ack=1781 Win=65535 Len=0,0.003892
1454,249193.815026,10.42.0.49,52432.0,10.42.0.13,59480.0,HTTP,135,HTTP/1.1 200 OK  (application/pairing+tlv8),0.04434
1455,1132277.715079,10.42.0.13,65057.0,10.42.0.49,52432.0,TCP,54,50750  >  52432 [ACK] Seq=496 Ack=1781 Win=65535 Len=0,0.003956
1456,351019.641114,10.42.0.28,80.0,10.42.0.13,51381.0,TCP,54,80  >  51371 [ACK] Seq=1 Ack=483 Win=2438 Len=0,0.004057
1457,1148063.687023,10.42.0.49,61395.0,99.81.71.200,443.0,TLSv1.2,555,Application Data,0.105179
1458,350985.619485,10.42.0.13,51381.0,10.42.0.28,80.0,TCP,54,51367  >  80 [ACK] Seq=483 Ack=103 Win=65535 Len=0,0.001053
1459,422075.561491,10.42.0.13,62602.0,10.42.0.49,52432.0,TCP,54,62602  >  52432 [ACK] Seq=1 Ack=1 Win=65535 Len=0,0.002463
1460,351019.584326,10.42.0.13,51387.0,10.42.0.28,80.0,TCP,54,51343  >  80 [ACK] Seq=515 Ack=104 Win=65535 Len=0,0.000105
1461,416848.582906,10.42.0.49,61389.0,54.216.1.110,443.0,TCP,54,61389  >  443 [ACK] Seq=10742 Ack=61573 Win=5249 Len=0,0.104017
1462,1165693.37372,10.42.0.49,52432.0,10.42.0.13,50822.0,HTTP,135,HTTP/1.1 200 OK  (application/pairing+tlv8),0.043628
1463,1132277.97052,10.42.0.49,61395.0,99.81.71.200,443.0,TCP,54,61395  >  443 [ACK] Seq=22341 Ack=30207 Win=5780 Len=0,0.047968
1464,1141623.426299,10.42.0.49,52432.0,10.42.0.13,50503.0,HTTP,135,HTTP/1.1 200 OK  (application/pairing+tlv8),0.044631
1465,316193.637155,10.42.0.49,61387.0,54.216.1.110,443.0,TLSv1.2,539,Application Data,0.105355
1466,1176173.775882,10.42.0.49,52432.0,10.42.0.13,50810.0,TCP,54,52432  >  50830 [ACK] Seq=1 Ack=163 Win=5678 Len=0,0.001015
1467,255901.523652,10.42.0.13,52732.0,10.42.0.28,80.0,TCP,54,52741  >  80 [ACK] Seq=1 Ack=1 Win=65535 Len=0,0.001439
1468,242668.16335,10.42.0.49,52432.0,10.42.0.13,59476.0,TCP,54,52432  >  59616 [ACK] Seq=1781 Ack=497 Win=5344 Len=0,0.001915
1469,351024.580825,10.42.0.13,51353.0,10.42.0.28,80.0,TCP,54,51394  >  80 [ACK] Seq=1 Ack=1 Win=65535 Len=0,0.000105
1470,1170592.411756,10.42.0.49,61395.0,99.81.71.200,443.0,TCP,54,61395  >  443 [ACK] Seq=127756 Ack=1797 Win=5270 Len=0,0.003959
1471,1166178.507283,10.42.0.49,61395.0,99.81.71.200,443.0,TLSv1.2,123,Application Data,3.129728
1472,1170363.032898,10.42.0.49,5353.0,10.42.0.13,5353.0,MDNS,174,"Standard query response 0x0000 TXT MSS210-9f39._hap._tcp.local, ""QU"" question TXT",0.000422
1473,1177055.855787,10.42.0.49,52432.0,10.42.0.13,50857.0,TCP,54,52432  >  50538 [ACK] Seq=1781 Ack=497 Win=5344 Len=0,0.000108
1474,418617.463794,10.42.0.49,61389.0,54.216.1.110,443.0,TLSv1.2,539,Application Data,0.108517
1475,1132277.400718,10.42.0.49,61395.0,99.81.71.200,443.0,TCP,54,61395  >  443 [ACK] Seq=32309 Ack=31594 Win=5245 Len=0,0.155988
1476,1182027.998588,10.42.0.13,5353.0,10.42.0.49,5353.0,MDNS,87,"Standard query 0x0000 TXT MSS210-9f39._hap._tcp.local, ""QU"" question",0.000104
1477,1176178.631185,10.42.0.49,52432.0,10.42.0.13,50830.0,HTTP,135,HTTP/1.1 200 OK  (application/pairing+tlv8),0.049843
1478,1183202.613038,10.42.0.13,50394.0,10.42.0.49,52432.0,TCP,54,50391  >  52432 [ACK] Seq=496 Ack=1781 Win=65535 Len=0,0.000133
1479,1182027.280742,10.42.0.49,52432.0,10.42.0.13,50993.0,TCP,54,52432  >  50964 [ACK] Seq=1 Ack=163 Win=5678 Len=0,0.100599
1480,410993.0972,10.42.0.13,62481.0,10.42.0.49,52432.0,TCP,54,62484  >  52432 [ACK] Seq=496 Ack=1781 Win=65535 Len=0,0.000196
1481,1163254.65452,10.42.0.49,52432.0,10.42.0.13,50541.0,TCP,54,52432  >  50550 [ACK] Seq=1781 Ack=497 Win=5344 Len=0,0.000111
1482,1154278.980212,10.42.0.49,52432.0,10.42.0.13,50512.0,HTTP,491,Continuation,0.001455
1483,1146230.930434,10.42.0.49,5353.0,10.42.0.13,5353.0,MDNS,174,"Standard query response 0x0000 TXT MSS210-9f39._hap._tcp.local, ""QU"" question TXT",0.001017
1484,1171125.815712,10.42.0.49,52432.0,10.42.0.13,50895.0,HTTP,135,HTTP/1.1 200 OK  (application/pairing+tlv8),0.041129
1485,320375.155962,10.42.0.13,50933.0,10.42.0.28,80.0,TCP,54,50341  >  80 [ACK] Seq=482 Ack=103 Win=65535 Len=0,0.000104
1486,1131227.231197,10.42.0.49,61395.0,99.81.71.200,443.0,TLSv1.2,123,Application Data,45.36744
1487,1164944.416012,10.42.0.49,61395.0,99.81.71.200,443.0,TLSv1.2,555,Application Data,0.091727
1488,3741.54161,10.42.0.28,58270.0,52.212.130.239,443.0,TLSv1.2,123,Application Data,0.002289
1489,1142267.966852,10.42.0.13,50525.0,10.42.0.49,52432.0,TCP,54,50590  >  52432 [ACK] Seq=497 Ack=1782 Win=65535 Len=0,0.004894
1490,410997.859994,10.42.0.13,51719.0,10.42.0.49,80.0,TCP,54,51799  >  80 [ACK] Seq=583 Ack=71 Win=65535 Len=0,0.00011
1491,1147124.60205,10.42.0.49,52432.0,10.42.0.13,50625.0,TCP,54,52432  >  50505 [ACK] Seq=1781 Ack=497 Win=5344 Len=0,0.001087
1492,1152507.065495,10.42.0.13,50552.0,10.42.0.49,52432.0,TCP,54,50555  >  52432 [ACK] Seq=496 Ack=1781 Win=65535 Len=0,0.003256
1493,1132277.580134,10.42.0.49,61395.0,99.81.71.200,443.0,TLSv1.2,539,Application Data,0.102975
1494,256934.666987,10.42.0.13,59827.0,10.42.0.49,52432.0,TCP,54,59686  >  52432 [ACK] Seq=497 Ack=1782 Win=65535 Len=0,0.005982
1495,1141873.860873,10.42.0.49,61395.0,99.81.71.200,443.0,TCP,54,61395  >  443 [ACK] Seq=32802 Ack=300742 Win=5740 Len=0,0.000325
1496,1146730.604177,10.42.0.49,5353.0,10.42.0.13,5353.0,MDNS,174,"Standard query response 0x0000 TXT MSS210-9f39._hap._tcp.local, ""QU"" question TXT",0.010866
1497,1132277.629976,10.42.0.49,61395.0,99.81.71.200,443.0,TLSv1.2,123,Application Data,1.12676
1498,351019.478285,10.42.0.13,51381.0,10.42.0.28,80.0,TCP,54,51383  >  80 [ACK] Seq=1 Ack=1 Win=65535 Len=0,0.001016
1499,1132277.52374,10.42.0.49,61395.0,99.81.71.200,443.0,TCP,54,61395  >  443 [ACK] Seq=155676 Ack=11897 Win=5711 Len=0,0.046188
1500,1158387.714138,10.42.0.49,61395.0,99.81.71.200,443.0,TCP,54,61395  >  443 [ACK] Seq=111806 Ack=11568 Win=5249 Len=0,0.123165
1501,1171242.867413,10.42.0.49,52432.0,10.42.0.13,50322.0,HTTP,274,HTTP/1.1 200 OK  (application/pairing+tlv8),0.252479
1502,241583.030591,10.42.0.49,5353.0,10.42.0.13,5353.0,MDNS,174,"Standard query response 0x0000 TXT MSS210-9f39._hap._tcp.local, ""QU"" question TXT",0.00903
1503,423000.535549,10.42.0.13,51442.0,10.42.0.28,80.0,TCP,54,51432  >  80 [ACK] Seq=514 Ack=104 Win=65535 Len=0,0.001017
1504,377144.823055,10.42.0.49,5353.0,10.42.0.13,5353.0,MDNS,174,"Standard query response 0x0000 TXT MSS210-9f39._hap._tcp.local, ""QU"" question TXT",0.010727
1505,351019.028458,10.42.0.13,51365.0,10.42.0.28,80.0,TCP,54,51343  >  80 [ACK] Seq=1 Ack=1 Win=65535 Len=0,0.00105
1506,1174769.590994,10.42.0.49,52432.0,10.42.0.13,50857.0,HTTP,1096,Continuation,0.007479
1507,238904.409631,10.42.0.13,50717.0,10.42.0.28,80.0,TCP,54,51070  >  80 [ACK] Seq=482 Ack=103 Win=65535 Len=0,0.000101
1508,360141.641372,10.42.0.49,52432.0,10.42.0.13,61929.0,TCP,54,52432  >  61924 [ACK] Seq=1 Ack=163 Win=5678 Len=0,0.003999
1509,1148673.98235,10.42.0.49,52432.0,10.42.0.13,50684.0,TCP,54,52432  >  50884 [ACK] Seq=1 Ack=163 Win=5678 Len=0,0.003924
1510,351019.812184,10.42.0.28,80.0,10.42.0.13,51378.0,TCP,54,80  >  51383 [ACK] Seq=1 Ack=483 Win=2438 Len=0,0.002583
1511,1174789.673686,10.42.0.49,52432.0,10.42.0.13,50707.0,HTTP,1096,Continuation,0.006714
1512,1142177.99957,10.42.0.49,52432.0,10.42.0.13,50531.0,HTTP,274,HTTP/1.1 200 OK  (application/pairing+tlv8),0.257051
1513,1132277.351522,10.42.0.13,50326.0,10.42.0.49,52432.0,TCP,54,50325  >  52432 [ACK] Seq=496 Ack=1781 Win=65535 Len=0,0.003156
1514,1136239.669391,10.42.0.49,61395.0,99.81.71.200,443.0,TCP,54,61395  >  443 [ACK] Seq=211962 Ack=1597 Win=4520 Len=0,0.169577
1515,1161496.800268,10.42.0.49,61395.0,99.81.71.200,443.0,TLSv1.2,539,Application Data,0.021758
1516,412266.185689,10.42.0.49,61389.0,54.216.1.110,443.0,TCP,54,61389  >  443 [ACK] Seq=152452 Ack=1524 Win=5111 Len=0,0.257776
1517,1142480.730162,10.42.0.49,61395.0,99.81.71.200,443.0,TCP,54,61395  >  443 [ACK] Seq=23214 Ack=2021319 Win=5840 Len=0,0.265322
1518,1145987.069591,10.42.0.49,5353.0,10.42.0.13,5353.0,MDNS,174,"Standard query response 0x0000 TXT MSS210-9f39._hap._tcp.local, ""QU"" question TXT",0.001276
1519,410997.059372,10.42.0.13,51700.0,10.42.0.28,80.0,TCP,54,51703  >  80 [ACK] Seq=483 Ack=103 Win=65535 Len=0,0.00101
1520,1164571.806028,10.42.0.49,5353.0,224.0.0.251,5353.0,MDNS,291,"Standard query response 0x0000 TXT, cache flush SRV, cache flush 0 0 52432 Meross_Smart_Plug.local A, cache flush 10.42.0.49 AAA",
1521,1178006.542543,10.42.0.49,61395.0,99.81.71.200,443.0,TLSv1.2,539,Application Data,0.105014
1522,405136.459026,10.42.0.13,51492.0,10.42.0.28,80.0,TCP,54,51494  >  80 [ACK] Seq=1 Ack=1 Win=65535 Len=0,0.000522
1523,1132277.599931,10.42.0.13,50326.0,10.42.0.49,52432.0,TCP,54,50326  >  52432 [ACK] Seq=496 Ack=1781 Win=65535 Len=0,0.000111
1524,1160736.606085,10.42.0.49,52432.0,10.42.0.13,50705.0,TCP,54,52432  >  50705 [ACK] Seq=1781 Ack=497 Win=5344 Len=0,0.000145
1525,1162468.495273,10.42.0.49,61395.0,99.81.71.200,443.0,TCP,54,61395  >  443 [ACK] Seq=13577 Ack=15751 Win=4570 Len=0,0.005241
1526,1177423.98777,10.42.0.49,52432.0,10.42.0.13,50854.0,HTTP,1096,Continuation,0.006795
1527,351019.643949,10.42.0.28,80.0,10.42.0.13,51347.0,TCP,54,80  >  51382 [ACK] Seq=1 Ack=515 Win=2406 Len=0,0.000107
1528,365043.614673,10.42.0.13,61888.0,10.42.0.49,52432.0,TCP,54,61888  >  52432 [ACK] Seq=497 Ack=1782 Win=65535 Len=0,0.003373
1529,1178007.442787,10.42.0.13,5353.0,10.42.0.49,5353.0,MDNS,87,"Standard query 0x0000 TXT MSS210-9f39._hap._tcp.local, ""QU"" question",0.000668
1530,1145318.715244,10.42.0.49,61395.0,99.81.71.200,443.0,TCP,54,61395  >  443 [ACK] Seq=27914 Ack=302168 Win=5111 Len=0,0.197779
1531,1151296.893179,10.42.0.13,50556.0,10.42.0.49,52432.0,TCP,54,50599  >  52432 [ACK] Seq=163 Ack=221 Win=65535 Len=0,0.002049
1532,1182029.152831,10.42.0.13,59195.0,10.42.0.28,80.0,TCP,54,59179  >  80 [ACK] Seq=483 Ack=103 Win=65535 Len=0,0.000105
1533,1183679.032136,10.42.0.49,61395.0,99.81.71.200,443.0,TLSv1.2,123,Application Data,13.63535
1534,1166077.596823,10.42.0.49,5353.0,10.42.0.13,5353.0,MDNS,174,"Standard query response 0x0000 TXT MSS210-9f39._hap._tcp.local, ""QU"" question TXT",0.000942
1535,1183250.784658,10.42.0.49,5353.0,10.42.0.13,5353.0,MDNS,174,"Standard query response 0x0000 TXT MSS210-9f39._hap._tcp.local, ""QU"" question TXT",0.000822
1536,361570.73779,10.42.0.49,61388.0,54.216.1.110,443.0,TLSv1.2,555,Application Data,0.107174
1537,1136454.580636,10.42.0.49,52432.0,10.42.0.13,50570.0,TCP,54,52432  >  50505 [ACK] Seq=1781 Ack=497 Win=5344 Len=0,0.000106
1538,321985.142047,10.42.0.13,60908.0,10.42.0.49,52432.0,TCP,54,60919  >  52432 [ACK] Seq=496 Ack=1781 Win=65535 Len=0,0.003093
1539,351019.032845,10.42.0.49,52432.0,10.42.0.13,61881.0,HTTP,1096,Continuation,0.004546
1540,324132.367084,10.42.0.13,60920.0,10.42.0.49,52432.0,TCP,54,60920  >  52432 [ACK] Seq=496 Ack=1781 Win=65535 Len=0,0.001249
1541,1164916.710725,10.42.0.49,52432.0,10.42.0.13,50705.0,TCP,54,52432  >  50532 [ACK] Seq=1 Ack=163 Win=5678 Len=0,0.003108
1542,264345.715285,10.42.0.49,5353.0,10.42.0.13,5353.0,MDNS,174,"Standard query response 0x0000 TXT MSS210-9f39._hap._tcp.local, ""QU"" question TXT",0.000876
1543,350985.453881,10.42.0.13,51363.0,10.42.0.28,80.0,TCP,54,51385  >  80 [ACK] Seq=1 Ack=1 Win=65535 Len=0,0.004673
1544,1134777.385266,10.42.0.49,5353.0,10.42.0.13,5353.0,MDNS,174,"Standard query response 0x0000 TXT MSS210-9f39._hap._tcp.local, ""QU"" question TXT",0.001027
1545,1132277.981053,10.42.0.49,61395.0,99.81.71.200,443.0,TCP,54,61395  >  443 [ACK] Seq=28497 Ack=106230 Win=5111 Len=0,0.123696
1546,351019.190477,10.42.0.28,80.0,10.42.0.13,51333.0,TCP,54,80  >  51371 [ACK] Seq=1 Ack=514 Win=2406 Len=0,0.000139
1547,1149317.564655,10.42.0.49,5353.0,10.42.0.13,5353.0,MDNS,174,"Standard query response 0x0000 TXT MSS210-9f39._hap._tcp.local, ""QU"" question TXT",0.001492
1548,1132276.63466,10.42.0.49,52432.0,10.42.0.13,50363.0,TCP,54,52432  >  50361 [ACK] Seq=1 Ack=163 Win=5678 Len=0,0.102869
1549,1162430.77667,10.42.0.49,5353.0,10.42.0.13,5353.0,MDNS,174,"Standard query response 0x0000 TXT MSS210-9f39._hap._tcp.local, ""QU"" question TXT",0.010725
1550,1170584.705777,10.42.0.49,52432.0,10.42.0.13,50818.0,TCP,54,52432  >  50832 [ACK] Seq=1 Ack=163 Win=5678 Len=0,0.001085
1551,351024.650888,10.42.0.49,52432.0,10.42.0.13,61830.0,TCP,54,52432  >  61830 [ACK] Seq=1 Ack=163 Win=5678 Len=0,0.131488
1552,1132276.877372,10.42.0.13,65059.0,10.42.0.49,52432.0,TCP,54,50859  >  52432 [ACK] Seq=496 Ack=1781 Win=65535 Len=0,0.001595
1553,419371.830731,10.42.0.49,61389.0,54.216.1.110,443.0,TCP,54,61389  >  443 [ACK] Seq=10747 Ack=28019 Win=5249 Len=0,0.222716
1554,263455.465496,10.42.0.13,52327.0,10.42.0.28,80.0,TCP,54,52323  >  80 [ACK] Seq=482 Ack=103 Win=65535 Len=0,0.000106
1555,1132277.99236,10.42.0.49,52432.0,10.42.0.13,50369.0,TCP,54,"52432  >  50975 [FIN, ACK] Seq=1781 Ack=497 Win=5344 Len=0",0.008123
1556,351019.687728,10.42.0.13,51383.0,10.42.0.28,80.0,TCP,54,51350  >  80 [ACK] Seq=1 Ack=1 Win=65535 Len=0,0.000119
1557,1157196.720416,10.42.0.49,52432.0,10.42.0.13,50705.0,HTTP,1096,Continuation,0.007327
1558,242741.724711,10.42.0.13,59492.0,10.42.0.49,52432.0,TCP,54,59249  >  52432 [ACK] Seq=496 Ack=1344 Win=65535 Len=0,0.001152
1559,1177778.598341,10.42.0.49,52432.0,10.42.0.13,50895.0,TCP,54,52432  >  50868 [ACK] Seq=1781 Ack=497 Win=5344 Len=0,0.003692
1560,350435.81415,10.42.0.13,51471.0,10.42.0.28,80.0,TCP,54,51392  >  80 [ACK] Seq=1 Ack=1 Win=65535 Len=0,0.00435
1561,1132277.283979,10.42.0.13,50329.0,10.42.0.49,52432.0,TCP,54,50324  >  52432 [ACK] Seq=414 Ack=302 Win=65535 Len=0,0.001111
1562,1164947.283666,10.42.0.49,52432.0,10.42.0.13,50633.0,TCP,54,52432  >  50756 [ACK] Seq=1781 Ack=497 Win=5344 Len=0,0.000164
1563,1183938.975326,10.42.0.49,5353.0,10.42.0.13,5353.0,MDNS,174,"Standard query response 0x0000 TXT MSS210-9f39._hap._tcp.local, ""QU"" question TXT",0.001085
1564,1161447.496027,10.42.0.13,50523.0,10.42.0.49,52432.0,TCP,54,50524  >  52432 [ACK] Seq=1 Ack=1 Win=65535 Len=0,0.005259
1565,324985.382468,10.42.0.49,52432.0,10.42.0.13,61092.0,TCP,54,52432  >  62092 [ACK] Seq=1781 Ack=497 Win=5344 Len=0,0.001239
1566,405036.241153,10.42.0.13,51498.0,10.42.0.28,80.0,TCP,54,51495  >  80 [ACK] Seq=515 Ack=104 Win=65535 Len=0,0.000111
1567,1162417.85372,10.42.0.49,52432.0,10.42.0.13,50622.0,TCP,54,52432  >  50614 [ACK] Seq=1 Ack=163 Win=5678 Len=0,0.005864
1568,1160169.12613,10.42.0.49,52432.0,10.42.0.13,50705.0,TCP,54,52432  >  50532 [ACK] Seq=1 Ack=163 Win=5678 Len=0,0.101247
1569,1149947.133366,10.42.0.49,5353.0,10.42.0.13,5353.0,MDNS,174,"Standard query response 0x0000 TXT MSS210-9f39._hap._tcp.local, ""QU"" question TXT",0.000814
1570,1170618.552099,10.42.0.49,5353.0,10.42.0.13,5353.0,MDNS,174,"Standard query response 0x0000 TXT MSS210-9f39._hap._tcp.local, ""QU"" question TXT",0.000672
1571,1182027.459243,10.42.0.13,50915.0,10.42.0.49,52432.0,TCP,54,50590  >  52432 [ACK] Seq=496 Ack=1344 Win=65535 Len=0,0.003958
1572,1150909.117118,10.42.0.49,52432.0,10.42.0.13,50555.0,HTTP,135,HTTP/1.1 200 OK  (application/pairing+tlv8),0.044891
1573,351019.580215,10.42.0.28,80.0,10.42.0.13,51368.0,TCP,58,"80  >  51385 [SYN, ACK] Seq=0 Ack=1 Win=2920 Len=0 MSS=1460",0.001081
1574,1162466.073525,10.42.0.13,50552.0,10.42.0.49,52432.0,TCP,54,50552  >  52432 [ACK] Seq=497 Ack=1782 Win=65535 Len=0,0.003163
1575,1171278.76796,10.42.0.49,5353.0,10.42.0.13,5353.0,MDNS,174,"Standard query response 0x0000 TXT MSS210-9f39._hap._tcp.local, ""QU"" question TXT",0.000226
1576,240268.579631,10.42.0.49,52432.0,10.42.0.13,59481.0,TCP,54,52432  >  59489 [ACK] Seq=1781 Ack=497 Win=5344 Len=0,0.001228
1577,1149370.941468,10.42.0.49,5353.0,10.42.0.13,5353.0,MDNS,174,"Standard query response 0x0000 TXT MSS210-9f39._hap._tcp.local, ""QU"" question TXT",0.010403
1578,353509.788505,10.42.0.28,55988.0,34.241.185.170,443.0,TCP,54,55988  >  443 [ACK] Seq=3870 Ack=28719 Win=2851 Len=0,0.204696
1579,1171354.944429,10.42.0.49,5353.0,10.42.0.13,5353.0,MDNS,174,"Standard query response 0x0000 TXT MSS210-9f39._hap._tcp.local, ""QU"" question TXT",0.010516
1580,351001.34685,10.42.0.28,80.0,10.42.0.13,51382.0,TCP,54,80  >  51363 [ACK] Seq=1 Ack=515 Win=2406 Len=0,0.000102
1581,350983.83878,10.42.0.49,52432.0,10.42.0.13,61881.0,TCP,54,52432  >  61870 [ACK] Seq=1 Ack=163 Win=5678 Len=0,0.218843
1582,255906.16199,10.42.0.28,80.0,10.42.0.13,52782.0,TCP,54,80  >  52772 [ACK] Seq=199 Ack=484 Win=2437 Len=0,0.002322
1583,351008.406236,10.42.0.13,51341.0,10.42.0.28,80.0,TCP,54,51361  >  80 [ACK] Seq=515 Ack=104 Win=65535 Len=0,0.000105
1584,1147328.483349,10.42.0.49,5353.0,10.42.0.13,5353.0,MDNS,174,"Standard query response 0x0000 TXT MSS210-9f39._hap._tcp.local, ""QU"" question TXT",0.000699
1585,1156016.283315,10.42.0.49,52432.0,10.42.0.13,50555.0,HTTP,135,HTTP/1.1 200 OK  (application/pairing+tlv8),0.045072
1586,1132277.268625,10.42.0.13,50329.0,10.42.0.49,52432.0,TCP,54,50329  >  52432 [ACK] Seq=497 Ack=1782 Win=65535 Len=0,0.003969
1587,238904.755321,10.42.0.13,59374.0,10.42.0.49,52432.0,TCP,54,59474  >  52432 [ACK] Seq=496 Ack=1781 Win=65535 Len=0,0.005922
1588,1132276.412899,10.42.0.13,50326.0,10.42.0.49,52432.0,TCP,54,50329  >  52432 [ACK] Seq=497 Ack=1782 Win=65535 Len=0,0.003554
1589,1178006.190688,10.42.0.49,52432.0,10.42.0.13,50619.0,TCP,54,52432  >  50867 [ACK] Seq=1 Ack=163 Win=5678 Len=0,0.002048
1590,351064.925061,10.42.0.49,5353.0,10.42.0.13,5353.0,MDNS,174,"Standard query response 0x0000 TXT MSS210-9f39._hap._tcp.local, ""QU"" question TXT",0.000258
1591,1146623.408036,10.42.0.13,50528.0,10.42.0.49,52432.0,TCP,54,50603  >  52432 [ACK] Seq=497 Ack=1782 Win=65535 Len=0,0.000253
1592,1138393.052731,10.42.0.49,5353.0,10.42.0.13,5353.0,MDNS,174,"Standard query response 0x0000 TXT MSS210-9f39._hap._tcp.local, ""QU"" question TXT",0.000534
1593,351019.58358,10.42.0.13,51383.0,10.42.0.28,80.0,TCP,54,51365  >  80 [ACK] Seq=1 Ack=1 Win=65535 Len=0,0.002104
1594,1144423.880589,10.42.0.49,61395.0,99.81.71.200,443.0,TLSv1.2,123,Application Data,5.098677
1595,1154218.229743,10.42.0.49,52432.0,10.42.0.13,50505.0,HTTP,491,Continuation,0.006863
1596,351024.90579,10.42.0.49,5353.0,10.42.0.13,5353.0,MDNS,174,"Standard query response 0x0000 TXT MSS210-9f39._hap._tcp.local, ""QU"" question TXT",0.000953
1597,1158386.898976,10.42.0.49,52432.0,10.42.0.13,50882.0,TCP,54,52432  >  50836 [ACK] Seq=1 Ack=163 Win=5678 Len=0,0.001018
1598,1166725.030527,10.42.0.49,61395.0,99.81.71.200,443.0,TLSv1.2,123,Application Data,10.07268
1599,351008.645845,10.42.0.13,51353.0,10.42.0.28,80.0,TCP,54,51353  >  80 [ACK] Seq=514 Ack=104 Win=65535 Len=0,0.000109
1600,1132277.121088,10.42.0.49,52432.0,10.42.0.13,50494.0,TCP,54,52432  >  50494 [ACK] Seq=1 Ack=163 Win=5678 Len=0,0.137843
1601,1150942.57904,10.42.0.13,50518.0,10.42.0.49,52432.0,TCP,54,50555  >  52432 [ACK] Seq=496 Ack=1781 Win=65535 Len=0,0.003199
1602,351019.623415,10.42.0.13,51387.0,10.42.0.28,80.0,TCP,54,51385  >  80 [ACK] Seq=1 Ack=1 Win=65535 Len=0,0.00105
1603,1174177.886468,10.42.0.49,52432.0,10.42.0.13,50895.0,TCP,54,52432  >  50868 [ACK] Seq=1 Ack=163 Win=5678 Len=0,0.105248
1604,351024.830075,10.42.0.13,51383.0,10.42.0.28,80.0,TCP,54,51385  >  80 [ACK] Seq=482 Ack=103 Win=65535 Len=0,0.000105
1605,351019.191811,10.42.0.13,51349.0,10.42.0.28,80.0,TCP,54,51393  >  80 [ACK] Seq=1 Ack=1 Win=65535 Len=0,0.004252
1606,353509.410285,10.42.0.13,51363.0,10.42.0.28,80.0,TCP,54,51383  >  80 [ACK] Seq=1 Ack=1 Win=65535 Len=0,0.001024
1607,320015.921992,10.42.0.13,50141.0,10.42.0.28,80.0,TCP,54,50134  >  80 [ACK] Seq=483 Ack=103 Win=65535 Len=0,0.000163
1608,1132280.770727,10.42.0.13,50340.0,10.42.0.49,52432.0,TCP,54,50320  >  52432 [ACK] Seq=496 Ack=1344 Win=65535 Len=0,0.005865
1609,351015.362278,10.42.0.28,80.0,10.42.0.13,51378.0,TCP,54,80  >  51368 [ACK] Seq=1 Ack=483 Win=2438 Len=0,0.002037
1610,351015.664287,10.42.0.13,51383.0,10.42.0.28,80.0,TCP,54,51363  >  80 [ACK] Seq=483 Ack=103 Win=65535 Len=0,0.000105
1611,1141319.714062,10.42.0.49,52432.0,10.42.0.13,50491.0,TCP,54,52432  >  50310 [ACK] Seq=1 Ack=163 Win=5678 Len=0,0.002417
1612,350985.650168,10.42.0.13,51381.0,10.42.0.28,80.0,TCP,54,51348  >  80 [ACK] Seq=1 Ack=1 Win=65535 Len=0,0.004105
1613,1144736.597578,10.42.0.49,52432.0,10.42.0.13,50534.0,HTTP,274,HTTP/1.1 200 OK  (application/pairing+tlv8),0.254836
1614,1165690.046092,10.42.0.49,61395.0,99.81.71.200,443.0,TLSv1.2,539,Application Data,0.000074
1615,1149567.978955,10.42.0.49,5353.0,10.42.0.13,5353.0,MDNS,174,"Standard query response 0x0000 TXT MSS210-9f39._hap._tcp.local, ""QU"" question TXT",0.000627
1616,247092.578554,10.42.0.13,59689.0,10.42.0.49,52432.0,TCP,54,59689  >  52432 [ACK] Seq=163 Ack=221 Win=65535 Len=0,0.000165
1617,1183930.259893,10.42.0.49,5353.0,10.42.0.13,5353.0,MDNS,174,"Standard query response 0x0000 TXT MSS210-9f39._hap._tcp.local, ""QU"" question TXT",0.001085
1618,321988.239101,10.42.0.13,50341.0,10.42.0.28,80.0,TCP,54,50134  >  80 [ACK] Seq=514 Ack=103 Win=65535 Len=0,0.000107
1619,1170542.866452,10.42.0.13,50552.0,10.42.0.49,52432.0,TCP,54,50552  >  52432 [ACK] Seq=163 Ack=221 Win=65535 Len=0,0.000151
1620,1145874.803355,10.42.0.49,5353.0,224.0.0.251,5353.0,MDNS,305,"Standard query response 0x0000 PTR MSS210-9f39._hap._tcp.local SRV, cache flush 0 0 52432 Meross_Smart_Plug.local TXT, cache flush A",
1621,1132276.662043,10.42.0.49,61395.0,99.81.71.200,443.0,TLSv1.2,539,Application Data,0.018943
1622,1156061.633023,10.42.0.49,52432.0,10.42.0.13,50722.0,TCP,54,52432  >  50322 [ACK] Seq=1 Ack=163 Win=5678 Len=0,0.002337
1623,1162426.072337,10.42.0.49,61395.0,99.81.71.200,443.0,TLSv1.2,539,Application Data,0.090877
1624,1174774.815465,10.42.0.49,5353.0,10.42.0.13,5353.0,MDNS,174,"Standard query response 0x0000 TXT MSS210-9f39._hap._tcp.local, ""QU"" question TXT",0.001178
1625,405089.026977,10.42.0.28,80.0,10.42.0.13,51469.0,TCP,54,80  >  51437 [ACK] Seq=1 Ack=582 Win=2438 Len=0,0.002233
1626,375552.969954,10.42.0.13,5353.0,10.42.0.49,5353.0,MDNS,87,"Standard query 0x0000 TXT MSS210-9f39._hap._tcp.local, ""QU"" question",0.000263
1627,237702.382916,10.42.0.13,50727.0,10.42.0.28,80.0,TCP,54,50738  >  80 [ACK] Seq=482 Ack=103 Win=65535 Len=0,0.000123
1628,1132277.867966,10.42.0.13,50833.0,10.42.0.49,52432.0,TCP,54,50820  >  52432 [ACK] Seq=497 Ack=1782 Win=65535 Len=0,0.000766
1629,355631.421126,10.42.0.13,61820.0,10.42.0.49,52432.0,TCP,54,61838  >  52432 [ACK] Seq=497 Ack=1782 Win=65535 Len=0,0.003293
1630,1175518.854528,10.42.0.49,61395.0,99.81.71.200,443.0,TLSv1.2,539,Application Data,0.099428
1631,1170669.984855,10.42.0.49,52432.0,10.42.0.13,50828.0,HTTP,135,HTTP/1.1 200 OK  (application/pairing+tlv8),0.045819
1632,1132277.520135,10.42.0.49,61395.0,99.81.71.200,443.0,TLSv1.2,539,Application Data,0.015825
1633,1170584.028795,10.42.0.49,52432.0,10.42.0.13,50552.0,TCP,54,52432  >  50538 [ACK] Seq=1 Ack=163 Win=5678 Len=0,0.001018
1634,354108.904288,10.42.0.13,51365.0,10.42.0.28,80.0,TCP,54,51386  >  80 [ACK] Seq=1 Ack=1 Win=65535 Len=0,0.004651
1635,1144761.815549,10.42.0.49,52432.0,10.42.0.13,50531.0,HTTP,1096,Continuation,0.006767
1636,418617.40251,10.42.0.49,61389.0,54.216.1.110,443.0,TCP,54,61389  >  443 [ACK] Seq=115735 Ack=1571 Win=5849 Len=0,0.108969
1637,351024.695361,10.42.0.28,80.0,10.42.0.13,51363.0,TCP,58,"80  >  51365 [SYN, ACK] Seq=0 Ack=1 Win=2920 Len=0 MSS=1460",0.001117
1638,1149547.712032,10.42.0.49,5353.0,10.42.0.13,5353.0,MDNS,174,"Standard query response 0x0000 TXT MSS210-9f39._hap._tcp.local, ""QU"" question TXT",0.009377
1639,1132277.423049,10.42.0.13,50326.0,10.42.0.49,52432.0,TCP,54,50327  >  52432 [ACK] Seq=496 Ack=1781 Win=65535 Len=0,0.003294
1640,1132277.582623,10.42.0.13,65056.0,10.42.0.28,80.0,TCP,54,65050  >  80 [ACK] Seq=483 Ack=103 Win=65535 Len=0,0.000105
1641,241316.34057,10.42.0.28,80.0,10.42.0.13,51289.0,TCP,54,80  >  51292 [ACK] Seq=1 Ack=483 Win=2438 Len=0,0.003796
1642,1143486.861961,10.42.0.49,61395.0,99.81.71.200,443.0,TLSv1.2,123,Application Data,3.823031
1643,1143187.920375,10.42.0.49,5353.0,10.42.0.13,5353.0,MDNS,174,"Standard query response 0x0000 TXT MSS210-9f39._hap._tcp.local, ""QU"" question TXT",0.010555
1644,1163030.65294,10.42.0.13,50718.0,10.42.0.49,52432.0,TCP,54,50750  >  52432 [ACK] Seq=414 Ack=302 Win=65535 Len=0,0.000175
1645,351024.608339,10.42.0.13,51381.0,10.42.0.28,80.0,TCP,54,51383  >  80 [ACK] Seq=483 Ack=103 Win=65535 Len=0,0.000106
1646,1155825.712898,10.42.0.49,61395.0,99.81.71.200,443.0,TCP,54,61395  >  443 [ACK] Seq=16868 Ack=17399 Win=5111 Len=0,0.215168
1647,356932.748264,10.42.0.13,61872.0,10.42.0.49,52432.0,TCP,54,61874  >  52432 [ACK] Seq=497 Ack=1782 Win=65535 Len=0,0.003568
1648,1174554.579987,10.42.0.49,52432.0,10.42.0.13,50557.0,HTTP,135,HTTP/1.1 200 OK  (application/pairing+tlv8),0.043695
1649,353509.43805,10.42.0.49,5353.0,10.42.0.13,5353.0,MDNS,174,"Standard query response 0x0000 TXT MSS210-9f39._hap._tcp.local, ""QU"" question TXT",0.009855
1650,1139350.963179,10.42.0.49,61395.0,99.81.71.200,443.0,TLSv1.2,123,Application Data,1.134851
1651,1132277.521096,10.42.0.49,52432.0,10.42.0.13,50314.0,TCP,54,52432  >  50604 [ACK] Seq=1781 Ack=497 Win=5344 Len=0,0.001055
1652,1152926.598973,10.42.0.13,50557.0,10.42.0.49,52432.0,TCP,54,50555  >  52432 [ACK] Seq=496 Ack=1781 Win=65535 Len=0,0.003652
1653,1156070.58856,10.42.0.49,61395.0,99.81.71.200,443.0,TLSv1.2,539,Application Data,0.105024
1654,351019.311062,10.42.0.28,80.0,10.42.0.13,51368.0,TCP,54,80  >  51380 [ACK] Seq=1 Ack=483 Win=2438 Len=0,0.002539
1655,1149364.416079,10.42.0.49,61395.0,99.81.71.200,443.0,TLSv1.2,555,Application Data,0.109971
1656,375741.209088,10.42.0.49,5353.0,10.42.0.13,5353.0,MDNS,174,"Standard query response 0x0000 TXT MSS210-9f39._hap._tcp.local, ""QU"" question TXT",0.011113
1657,420005.433146,10.42.0.13,62603.0,10.42.0.49,52432.0,TCP,54,62602  >  52432 [ACK] Seq=163 Ack=221 Win=65535 Len=0,0.000397
1658,249465.966837,10.42.0.49,52432.0,10.42.0.13,59619.0,HTTP,135,HTTP/1.1 200 OK  (application/pairing+tlv8),0.044367
1659,1132277.66276,10.42.0.49,61395.0,99.81.71.200,443.0,TLSv1.2,539,Application Data,0.091715
1660,1182029.288988,10.42.0.13,59199.0,10.42.0.49,52432.0,TCP,54,51999  >  52432 [ACK] Seq=496 Ack=1344 Win=65535 Len=0,0.003599
1661,1171293.986659,10.42.0.49,52432.0,10.42.0.13,50812.0,HTTP,1096,Continuation,0.007347
1662,1176939.549316,10.42.0.49,5353.0,10.42.0.13,5353.0,MDNS,174,"Standard query response 0x0000 TXT MSS210-9f39._hap._tcp.local, ""QU"" question TXT",0.010899
1663,1171121.855821,10.42.0.49,52432.0,10.42.0.13,50494.0,TCP,54,52432  >  50494 [ACK] Seq=1 Ack=163 Win=5678 Len=0,0.104786
1664,1155555.457584,10.42.0.49,5353.0,10.42.0.13,5353.0,MDNS,174,"Standard query response 0x0000 TXT MSS210-9f39._hap._tcp.local, ""QU"" question TXT",0.001097
1665,1174235.655582,10.42.0.49,61395.0,99.81.71.200,443.0,TCP,54,61395  >  443 [ACK] Seq=105686 Ack=118747 Win=5711 Len=0,0.083257
1666,1182027.879118,10.42.0.13,50994.0,10.42.0.49,52432.0,TCP,54,50941  >  52432 [ACK] Seq=163 Ack=221 Win=65535 Len=0,0.000119
1667,405060.539354,10.42.0.13,51447.0,10.42.0.28,80.0,TCP,54,51420  >  80 [ACK] Seq=483 Ack=103 Win=65535 Len=0,0.000111
1668,1182027.877219,10.42.0.13,5353.0,10.42.0.49,5353.0,MDNS,87,"Standard query 0x0000 TXT MSS210-9f39._hap._tcp.local, ""QU"" question",0.000125
1669,420275.500326,10.42.0.49,52432.0,10.42.0.13,62819.0,TCP,54,52432  >  62726 [ACK] Seq=1 Ack=163 Win=5678 Len=0,0.110118
1670,1183260.629475,10.42.0.13,50941.0,10.42.0.49,52432.0,TCP,54,50404  >  52432 [ACK] Seq=497 Ack=1782 Win=65535 Len=0,0.003145
1671,1181202.530332,10.42.0.49,52432.0,10.42.0.13,50326.0,TCP,54,52432  >  50320 [ACK] Seq=1 Ack=163 Win=5678 Len=0,0.104782
1672,1164629.031412,10.42.0.49,52432.0,10.42.0.13,50611.0,HTTP,1096,Continuation,0.006551
1673,351019.125613,10.42.0.13,51387.0,10.42.0.28,80.0,TCP,54,51387  >  80 [ACK] Seq=1 Ack=1 Win=65535 Len=0,0.004243
1674,1158383.250631,10.42.0.13,50555.0,10.42.0.49,52432.0,TCP,54,50556  >  52432 [ACK] Seq=496 Ack=1781 Win=65535 Len=0,0.000494
1675,1132277.650211,10.42.0.13,50324.0,10.42.0.49,52432.0,TCP,54,50323  >  52432 [ACK] Seq=414 Ack=302 Win=65535 Len=0,0.000103
1676,1132277.52893,10.42.0.13,50327.0,10.42.0.28,80.0,TCP,54,50326  >  80 [ACK] Seq=483 Ack=103 Win=65535 Len=0,0.000108
1677,422073.068293,10.42.0.49,52432.0,10.42.0.13,62736.0,TCP,54,52432  >  62921 [ACK] Seq=1781 Ack=497 Win=5344 Len=0,0.000117
1678,1154669.58302,10.42.0.49,5353.0,10.42.0.13,5353.0,MDNS,174,"Standard query response 0x0000 TXT MSS210-9f39._hap._tcp.local, ""QU"" question TXT",0.001272
1679,1170923.533877,10.42.0.13,50755.0,10.42.0.49,52432.0,TCP,54,50555  >  52432 [ACK] Seq=496 Ack=1781 Win=65535 Len=0,0.003325
1680,1152132.310333,10.42.0.49,52432.0,10.42.0.13,50324.0,TCP,54,52432  >  50322 [ACK] Seq=1 Ack=163 Win=5678 Len=0,0.004833
1681,255901.775681,10.42.0.13,52728.0,10.42.0.28,80.0,TCP,54,52752  >  80 [ACK] Seq=482 Ack=103 Win=65535 Len=0,0.000105
1682,1145900.594374,10.42.0.49,5353.0,10.42.0.13,5353.0,MDNS,174,"Standard query response 0x0000 TXT MSS210-9f39._hap._tcp.local, ""QU"" question TXT",0.010453
1683,353509.490453,10.42.0.13,51478.0,10.42.0.28,80.0,TCP,54,51365  >  80 [ACK] Seq=1 Ack=1 Win=65535 Len=0,0.004442
1684,1147894.544072,10.42.0.49,5353.0,10.42.0.13,5353.0,MDNS,174,"Standard query response 0x0000 TXT MSS210-9f39._hap._tcp.local, ""QU"" question TXT",0.007835
1685,1165692.063451,10.42.0.49,61395.0,99.81.71.200,443.0,TLSv1.2,539,Application Data,0.135914
1686,350988.09435,10.42.0.49,52432.0,10.42.0.13,61822.0,TCP,54,52432  >  61822 [ACK] Seq=1 Ack=163 Win=5678 Len=0,0.001365
1687,1134182.483868,10.42.0.49,52432.0,10.42.0.13,50494.0,TCP,54,52432  >  50494 [ACK] Seq=1 Ack=163 Win=5678 Len=0,0.135051
1688,235924.561255,10.42.0.13,59804.0,10.42.0.49,52432.0,TCP,54,59804  >  52432 [ACK] Seq=497 Ack=1782 Win=65535 Len=0,0.001633
1689,1152962.58767,10.42.0.13,50557.0,10.42.0.49,52432.0,TCP,54,50556  >  52432 [ACK] Seq=496 Ack=1781 Win=65535 Len=0,0.007016
1690,1150940.412615,10.42.0.49,61395.0,99.81.71.200,443.0,TCP,54,61395  >  443 [ACK] Seq=11592 Ack=15992 Win=5844 Len=0,0.257131
1691,1132277.40402,10.42.0.13,50341.0,10.42.0.49,52432.0,TCP,54,50375  >  52432 [ACK] Seq=496 Ack=1344 Win=65535 Len=0,0.003434
1692,1132279.98898,10.42.0.13,50915.0,10.42.0.49,52432.0,TCP,54,50949  >  52432 [ACK] Seq=163 Ack=221 Win=65535 Len=0,0.000116
1693,1164568.137121,10.42.0.49,5353.0,10.42.0.13,5353.0,MDNS,270,"Standard query response 0x0000 PTR _hap._tcp.local, ""QU"" question PTR MSS210-9f39._hap._tcp.local SRV 0 0 52432 Meross_Smart_Pl",
1694,353509.456604,10.42.0.13,51354.0,10.42.0.28,80.0,TCP,54,51363  >  80 [ACK] Seq=515 Ack=104 Win=65535 Len=0,0.000105
1695,1154553.185213,10.42.0.49,61395.0,99.81.71.200,443.0,TCP,54,61395  >  443 [ACK] Seq=111928 Ack=16888 Win=5111 Len=0,0.198487
1696,250507.410186,10.42.0.28,80.0,10.42.0.13,52785.0,TCP,54,80  >  52778 [ACK] Seq=1 Ack=482 Win=2439 Len=0,0.002358
1697,1183202.285558,10.42.0.49,61395.0,99.81.71.200,443.0,TLSv1.2,123,Application Data,10.00837
1698,1178003.95865,10.42.0.49,5353.0,10.42.0.13,5353.0,MDNS,270,"Standard query response 0x0000 PTR _hap._tcp.local, ""QU"" question PTR MSS210-9f39._hap._tcp.local SRV 0 0 52432 Meross_Smart_Plug",
1699,1156017.721149,10.42.0.49,52432.0,10.42.0.13,50856.0,HTTP,135,HTTP/1.1 200 OK  (application/pairing+tlv8),0.043787
1700,351019.11898,10.42.0.13,51353.0,10.42.0.28,80.0,TCP,54,51385  >  80 [ACK] Seq=1 Ack=1 Win=65535 Len=0,0.000105
1701,250513.22667,10.42.0.13,59812.0,10.42.0.28,80.0,TCP,54,52915  >  80 [ACK] Seq=482 Ack=102 Win=65535 Len=0,0.002879
1702,422076.092666,10.42.0.13,62628.0,10.42.0.49,52432.0,TCP,54,62602  >  52432 [ACK] Seq=496 Ack=1781 Win=65535 Len=0,0.000122
1703,1132277.507712,10.42.0.13,65056.0,10.42.0.49,52432.0,TCP,54,50505  >  52432 [ACK] Seq=414 Ack=302 Win=65535 Len=0,0.000111
1704,1132277.279083,10.42.0.49,61395.0,99.81.71.200,443.0,TCP,54,61395  >  443 [ACK] Seq=30697 Ack=190358 Win=5202 Len=0,0.145816
1705,356630.334143,10.42.0.13,61888.0,10.42.0.49,52432.0,TCP,54,61888  >  52432 [ACK] Seq=496 Ack=1344 Win=65535 Len=0,0.000208
1706,1166179.00998,10.42.0.49,52432.0,10.42.0.13,50750.0,TCP,54,52432  >  50895 [ACK] Seq=1 Ack=163 Win=5678 Len=0,0.000132
1707,1132277.34581,10.42.0.13,50326.0,10.42.0.49,52432.0,TCP,54,50326  >  52432 [ACK] Seq=496 Ack=1344 Win=65535 Len=0,0.003136
1708,3741.24249,10.42.0.140,59884.0,10.42.0.28,80.0,TCP,54,59878  >  80 [ACK] Seq=483 Ack=199 Win=65535 Len=0,0.000111
1709,374820.450575,10.42.0.13,61965.0,10.42.0.49,52432.0,TCP,54,61966  >  52432 [ACK] Seq=497 Ack=1782 Win=65535 Len=0,0.001248
1710,315228.269503,10.42.0.28,80.0,10.42.0.13,59408.0,TCP,54,80  >  59494 [ACK] Seq=1 Ack=483 Win=2438 Len=0,0.000137
1711,361193.394332,10.42.0.13,61881.0,10.42.0.49,52432.0,TCP,54,61878  >  52432 [ACK] Seq=496 Ack=1781 Win=65535 Len=0,0.000233
1712,1164173.806334,10.42.0.49,52432.0,10.42.0.13,50363.0,TCP,54,52432  >  50363 [ACK] Seq=1 Ack=163 Win=5678 Len=0,0.104587
1713,1170350.661197,10.42.0.49,5353.0,10.42.0.13,5353.0,MDNS,174,"Standard query response 0x0000 TXT MSS210-9f39._hap._tcp.local, ""QU"" question TXT",0.000665
1714,1132277.460414,10.42.0.49,61395.0,99.81.71.200,443.0,TCP,54,61395  >  443 [ACK] Seq=111467 Ack=73037 Win=5840 Len=0,0.155133
1715,1171211.042538,10.42.0.49,5353.0,10.42.0.13,5353.0,MDNS,270,"Standard query response 0x0000 PTR _hap._tcp.local, ""QU"" question PTR MSS210-9f39._hap._tcp.local SRV 0 0 52432 Meross_Smart_Pl",
1716,350989.89615,10.42.0.49,5353.0,10.42.0.13,5353.0,MDNS,174,"Standard query response 0x0000 TXT MSS210-9f39._hap._tcp.local, ""QU"" question TXT",0.000146
1717,1132277.707413,10.42.0.13,50392.0,10.42.0.49,52432.0,TCP,54,50326  >  52432 [ACK] Seq=496 Ack=1781 Win=65535 Len=0,0.003753
1718,1164663.613634,10.42.0.49,52432.0,10.42.0.13,50622.0,TCP,54,52432  >  50610 [ACK] Seq=1781 Ack=497 Win=5344 Len=0,0.001442
1719,1152718.142069,10.42.0.49,52432.0,10.42.0.13,50555.0,TCP,58,"52432  >  50553 [SYN, ACK] Seq=0 Ack=1 Win=5840 Len=0 MSS=1460",0.00010
1720,321989.56063,10.42.0.49,5353.0,10.42.0.13,5353.0,MDNS,174,"Standard query response 0x0000 TXT MSS210-9f39._hap._tcp.local, ""QU"" question TXT",0.009416
1721,1178006.625347,10.42.0.49,61395.0,99.81.71.200,443.0,TLSv1.2,539,Application Data,0.009486
1722,1170360.457526,10.42.0.49,61395.0,99.81.71.200,443.0,TCP,54,61395  >  443 [ACK] Seq=15218 Ack=222117 Win=5702 Len=0,0.007845
1723,1181202.414338,10.42.0.49,52432.0,10.42.0.13,50490.0,TCP,54,52432  >  50494 [ACK] Seq=1 Ack=163 Win=5678 Len=0,0.002281
1724,418617.739352,10.42.0.49,5353.0,10.42.0.13,5353.0,MDNS,174,"Standard query response 0x0000 TXT MSS210-9f39._hap._tcp.local, ""QU"" question TXT",0.000252
1725,1174793.588871,10.42.0.49,5353.0,10.42.0.13,5353.0,MDNS,174,"Standard query response 0x0000 TXT MSS210-9f39._hap._tcp.local, ""QU"" question TXT",0.00053
1726,1183201.560986,10.42.0.13,50948.0,10.42.0.49,52432.0,TCP,54,50948  >  52432 [ACK] Seq=496 Ack=1344 Win=65535 Len=0,0.005511
1727,1170359.621385,10.42.0.49,52432.0,10.42.0.13,50403.0,TCP,54,52432  >  50368 [ACK] Seq=1 Ack=163 Win=5678 Len=0,0.004966
1728,1184202.46535,10.42.0.49,52432.0,10.42.0.13,51069.0,HTTP,491,Continuation,0.001388
1729,1178844.825849,10.42.0.49,5353.0,10.42.0.13,5353.0,MDNS,174,"Standard query response 0x0000 TXT MSS210-9f39._hap._tcp.local, ""QU"" question TXT",0.010535
1730,1155829.61347,10.42.0.49,61395.0,99.81.71.200,443.0,TLSv1.2,123,Application Data,30.19695
1731,241984.552867,10.42.0.49,5353.0,10.42.0.13,5353.0,MDNS,174,"Standard query response 0x0000 TXT MSS210-9f39._hap._tcp.local, ""QU"" question TXT",0.001125
1732,351019.045914,10.42.0.28,80.0,10.42.0.13,51364.0,TCP,54,80  >  51365 [ACK] Seq=1 Ack=483 Win=2438 Len=0,0.000105
1733,1176462.700499,10.42.0.49,61395.0,99.81.71.200,443.0,TLSv1.2,539,Application Data,0.00696
1734,1158388.658356,10.42.0.49,5353.0,10.42.0.13,5353.0,MDNS,174,"Standard query response 0x0000 TXT MSS210-9f39._hap._tcp.local, ""QU"" question TXT",0.000858
1735,246304.736173,10.42.0.13,59276.0,10.42.0.49,52432.0,TCP,54,59693  >  52432 [ACK] Seq=497 Ack=1782 Win=65535 Len=0,0.003639
1736,1170355.512651,10.42.0.49,5353.0,10.42.0.13,5353.0,MDNS,174,"Standard query response 0x0000 TXT MSS210-9f39._hap._tcp.local, ""QU"" question TXT",0.001127
1737,375711.129582,10.42.0.28,55988.0,34.241.185.170,443.0,TLSv1.2,123,Application Data,1.733297
1738,1161338.317921,10.42.0.49,52432.0,10.42.0.13,50322.0,TCP,54,52432  >  50320 [ACK] Seq=1 Ack=163 Win=5678 Len=0,0.001164
1739,351007.534024,10.42.0.28,80.0,10.42.0.13,51340.0,TCP,54,80  >  51380 [ACK] Seq=552 Ack=484 Win=2437 Len=0,0.000104
1740,320015.33053,10.42.0.13,51353.0,10.42.0.28,80.0,TCP,54,51353  >  80 [ACK] Seq=1 Ack=1 Win=65535 Len=0,0.00105
1741,1152111.412396,10.42.0.49,52432.0,10.42.0.13,50496.0,TCP,54,52432  >  50497 [ACK] Seq=1 Ack=163 Win=5678 Len=0,0.10255
1742,351019.024988,10.42.0.28,80.0,10.42.0.13,51377.0,TCP,58,"80  >  51381 [SYN, ACK] Seq=0 Ack=1 Win=2920 Len=0 MSS=1460",0.000107
1743,1150941.668117,10.42.0.49,52432.0,10.42.0.13,50610.0,TCP,54,52432  >  50532 [ACK] Seq=1 Ack=163 Win=5678 Len=0,0.002499
1744,1152960.979424,10.42.0.49,61395.0,99.81.71.200,443.0,TLSv1.2,123,Application Data,4.114387
1745,1170555.010919,10.42.0.49,5353.0,10.42.0.13,5353.0,MDNS,174,"Standard query response 0x0000 TXT MSS210-9f39._hap._tcp.local, ""QU"" question TXT",0.010516
1746,1171125.855885,10.42.0.49,52432.0,10.42.0.13,50598.0,HTTP,1096,Continuation,0.006717
1747,351064.100061,10.42.0.49,52432.0,10.42.0.13,61876.0,TCP,54,52432  >  61014 [ACK] Seq=1 Ack=163 Win=5678 Len=0,0.002559
1748,351019.326999,10.42.0.13,51387.0,10.42.0.28,80.0,TCP,54,51393  >  80 [ACK] Seq=482 Ack=103 Win=65535 Len=0,0.001011
1749,405045.805523,10.42.0.13,51423.0,10.42.0.28,80.0,TCP,54,51405  >  80 [ACK] Seq=482 Ack=102 Win=65535 Len=0,0.000105
1750,422073.080141,10.42.0.49,52432.0,10.42.0.13,62772.0,HTTP,1096,Continuation,0.007995
1751,1170355.418328,10.42.0.49,52432.0,10.42.0.13,50581.0,TCP,54,52432  >  50532 [ACK] Seq=1 Ack=163 Win=5678 Len=0,0.002515
1752,316193.566458,10.42.0.49,52432.0,10.42.0.13,61881.0,TCP,54,52432  >  61870 [ACK] Seq=1781 Ack=497 Win=5344 Len=0,0.001239
1753,1166072.734172,10.42.0.13,50529.0,10.42.0.49,52432.0,TCP,54,50750  >  52432 [ACK] Seq=496 Ack=1781 Win=65535 Len=0,0.003252
1754,1174217.209379,10.42.0.49,61395.0,99.81.71.200,443.0,TLSv1.2,539,Application Data,0.002177
1755,1178202.706748,10.42.0.13,5353.0,10.42.0.49,5353.0,MDNS,87,"Standard query 0x0000 TXT MSS210-9f39._hap._tcp.local, ""QU"" question",0.000448
1756,1149531.442725,10.42.0.49,52432.0,10.42.0.13,50505.0,HTTP,491,Continuation,0.001371
1757,1170398.789464,10.42.0.13,50820.0,10.42.0.49,52432.0,TCP,54,50868  >  52432 [ACK] Seq=1 Ack=1 Win=65535 Len=0,0.005651
1758,1143118.137449,10.42.0.49,52432.0,10.42.0.13,50314.0,TCP,54,52432  >  50494 [ACK] Seq=1 Ack=163 Win=5678 Len=0,0.111196
1759,1174235.07063,10.42.0.49,52432.0,10.42.0.13,58470.0,TCP,54,52432  >  50866 [ACK] Seq=1781 Ack=497 Win=5344 Len=0,0.000113
1760,1174942.821582,10.42.0.13,50528.0,10.42.0.49,52432.0,TCP,54,50525  >  52432 [ACK] Seq=496 Ack=1344 Win=65535 Len=0,0.001586
1761,1181384.883744,10.42.0.49,5353.0,10.42.0.13,5353.0,MDNS,174,"Standard query response 0x0000 TXT MSS210-9f39._hap._tcp.local, ""QU"" question TXT",0.005325
1762,235925.716639,10.42.0.13,51093.0,10.42.0.28,80.0,TCP,54,50965  >  80 [ACK] Seq=1 Ack=1 Win=65535 Len=0,0.004968
1763,350988.835777,10.42.0.49,5353.0,10.42.0.13,5353.0,MDNS,174,"Standard query response 0x0000 TXT MSS210-9f39._hap._tcp.local, ""QU"" question TXT",0.001011
1764,351019.64134,10.42.0.28,80.0,10.42.0.13,51387.0,TCP,54,80  >  51393 [ACK] Seq=1 Ack=514 Win=2407 Len=0,0.001017
1765,1139325.633318,10.42.0.49,5353.0,10.42.0.13,5353.0,MDNS,174,"Standard query response 0x0000 TXT MSS210-9f39._hap._tcp.local, ""QU"" question TXT",0.000875
1766,355631.15519,10.42.0.13,51508.0,10.42.0.28,80.0,TCP,54,51501  >  80 [ACK] Seq=1 Ack=1 Win=65535 Len=0,0.00055
1767,351019.904727,10.42.0.49,52432.0,10.42.0.13,61704.0,TCP,54,52432  >  61901 [ACK] Seq=1 Ack=163 Win=5678 Len=0,0.100221
1768,351024.812666,10.42.0.13,51383.0,10.42.0.49,52432.0,TCP,54,59619  >  52432 [ACK] Seq=497 Ack=1782 Win=65535 Len=0,0.003645
1769,248731.954415,10.42.0.28,58273.0,52.212.130.239,443.0,TLSv1.2,123,Application Data,0.038953
1770,351019.555664,10.42.0.28,80.0,10.42.0.13,51363.0,TCP,58,"80  >  51383 [SYN, ACK] Seq=0 Ack=1 Win=2920 Len=0 MSS=1460",0.000105
1771,1132280.662458,10.42.0.13,50526.0,10.42.0.49,52432.0,TCP,54,50952  >  52432 [ACK] Seq=1 Ack=1 Win=65535 Len=0,0.004556
1772,351024.857449,10.42.0.49,5353.0,10.42.0.13,5353.0,MDNS,270,"Standard query response 0x0000 PTR _hap._tcp.local, ""QU"" question PTR MSS210-9f39._hap._tcp.local SRV 0 0 52432 Meross_Smart_Plug",
1773,3741.06993,10.42.0.28,58270.0,52.212.130.239,443.0,TLSv1.2,123,Application Data,0.000861
1774,351019.67495,10.42.0.13,51353.0,10.42.0.28,80.0,TCP,54,51393  >  80 [ACK] Seq=1 Ack=1 Win=65535 Len=0,0.002232
1775,1165691.032914,10.42.0.49,52432.0,10.42.0.13,50526.0,TCP,54,52432  >  50505 [ACK] Seq=1 Ack=163 Win=5678 Len=0,0.102599
1776,1170319.441893,99.81.71.200,443.0,10.42.0.49,61395.0,TLSv1.2,507,Application Data,5.697176
1777,1143187.952025,10.42.0.49,52432.0,10.42.0.13,50556.0,HTTP,135,HTTP/1.1 200 OK  (application/pairing+tlv8),0.041587
1778,1163273.86048,10.42.0.49,52432.0,10.42.0.13,50610.0,TCP,54,52432  >  50863 [ACK] Seq=1 Ack=163 Win=5678 Len=0,0.203169
1779,362152.907985,10.42.0.28,80.0,10.42.0.13,59687.0,TCP,54,80  >  59688 [ACK] Seq=1 Ack=482 Win=2439 Len=0,0.001943
1780,1131540.640888,10.42.0.13,50526.0,10.42.0.49,52432.0,TCP,54,50524  >  52432 [ACK] Seq=414 Ack=302 Win=65535 Len=0,0.003595
1781,1132276.663342,10.42.0.13,50325.0,10.42.0.49,52432.0,TCP,54,50325  >  52432 [ACK] Seq=496 Ack=1781 Win=65535 Len=0,0.003248
1782,423921.07376,10.42.0.49,5353.0,10.42.0.13,5353.0,MDNS,174,"Standard query response 0x0000 TXT MSS210-9f39._hap._tcp.local, ""QU"" question TXT",0.007246
1783,1132277.986089,10.42.0.49,61395.0,99.81.71.200,443.0,TLSv1.2,123,Application Data,13.965971
1784,1171121.131387,10.42.0.49,52432.0,10.42.0.13,50495.0,HTTP,1096,Continuation,0.006015
1785,1152611.623384,10.42.0.49,52432.0,10.42.0.13,50626.0,TCP,54,52432  >  50614 [ACK] Seq=1781 Ack=497 Win=5344 Len=0,0.005982
1786,422074.626096,10.42.0.49,61389.0,54.216.1.110,443.0,TCP,54,61389  >  443 [ACK] Seq=14147 Ack=3062 Win=5653 Len=0,0.169964
1787,1158388.82399,10.42.0.49,61395.0,99.81.71.200,443.0,TLSv1.2,123,Application Data,3.134514
1788,1170630.753528,10.42.0.49,52432.0,10.42.0.13,50705.0,TCP,54,52432  >  50535 [ACK] Seq=1781 Ack=497 Win=5344 Len=0,0.000122
1789,315228.371897,10.42.0.28,55987.0,52.212.130.239,443.0,TCP,54,55987  >  443 [ACK] Seq=3767 Ack=22306 Win=2718 Len=0,0.193577
1790,1152571.410296,10.42.0.13,50556.0,10.42.0.49,52432.0,TCP,54,50552  >  52432 [ACK] Seq=163 Ack=221 Win=65535 Len=0,0.000107
1791,316031.604233,10.42.0.13,59497.0,10.42.0.28,80.0,TCP,54,59490  >  80 [ACK] Seq=1 Ack=1 Win=65535 Len=0,0.00011
1792,1132277.497971,10.42.0.49,61395.0,99.81.71.200,443.0,TLSv1.2,555,Application Data,0.05083
1793,262340.807213,10.42.0.13,5353.0,10.42.0.49,5353.0,MDNS,87,"Standard query 0x0000 TXT MSS210-9f39._hap._tcp.local, ""QU"" question",0.000103
1794,320015.855266,10.42.0.13,50968.0,10.42.0.28,80.0,TCP,54,50152  >  80 [ACK] Seq=482 Ack=102 Win=65535 Len=0,0.000112
1795,1155626.10707,10.42.0.49,52432.0,10.42.0.13,50505.0,TCP,54,52432  >  50556 [ACK] Seq=1781 Ack=497 Win=5344 Len=0,0.000146
1796,324132.325819,10.42.0.28,80.0,10.42.0.13,50374.0,TCP,54,80  >  50382 [ACK] Seq=1 Ack=483 Win=2438 Len=0,0.002452
1797,1181910.052029,10.42.0.49,52432.0,10.42.0.13,50753.0,HTTP,1096,Continuation,0.005895
1798,1141170.714521,10.42.0.49,5353.0,10.42.0.13,5353.0,MDNS,174,"Standard query response 0x0000 TXT MSS210-9f39._hap._tcp.local, ""QU"" question TXT",0.000225
1799,351015.39395,10.42.0.13,51353.0,10.42.0.28,80.0,TCP,54,51346  >  80 [ACK] Seq=1 Ack=1 Win=65535 Len=0,0.000105
1800,355630.861515,10.42.0.28,80.0,10.42.0.13,51349.0,TCP,54,80  >  51368 [ACK] Seq=1 Ack=482 Win=2439 Len=0,0.002519
1801,373252.90209,10.42.0.49,5353.0,10.42.0.13,5353.0,MDNS,174,"Standard query response 0x0000 TXT MSS210-9f39._hap._tcp.local, ""QU"" question TXT",0.005537
1802,1174069.707644,10.42.0.49,5353.0,10.42.0.13,5353.0,MDNS,174,"Standard query response 0x0000 TXT MSS210-9f39._hap._tcp.local, ""QU"" question TXT",0.005622
1803,1175454.956828,10.42.0.49,61395.0,99.81.71.200,443.0,TLSv1.2,555,Application Data,0.100519
1804,375713.26204,10.42.0.13,61930.0,10.42.0.49,52432.0,TCP,54,61920  >  52432 [ACK] Seq=1 Ack=1 Win=65535 Len=0,0.003333
1805,324132.610234,10.42.0.13,50387.0,10.42.0.28,80.0,TCP,54,50303  >  80 [ACK] Seq=483 Ack=103 Win=65535 Len=0,0.000101
1806,1152931.604554,10.42.0.49,61395.0,99.81.71.200,443.0,TCP,54,61395  >  443 [ACK] Seq=12496 Ack=130039 Win=5240 Len=0,0.262565
1807,255901.419152,10.42.0.13,52715.0,10.42.0.28,80.0,TCP,54,52728  >  80 [ACK] Seq=482 Ack=102 Win=65535 Len=0,0.000112
1808,1158250.666068,10.42.0.49,61395.0,99.81.71.200,443.0,TLSv1.2,539,Application Data,0.13909
1809,1148006.973165,10.42.0.49,52432.0,10.42.0.13,50575.0,TCP,54,52432  >  50532 [ACK] Seq=1 Ack=163 Win=5678 Len=0,0.10255
1810,1174778.438287,10.42.0.13,50851.0,10.42.0.49,52432.0,TCP,54,50852  >  52432 [ACK] Seq=414 Ack=302 Win=65535 Len=0,0.000243
1811,350431.504899,10.42.0.13,51353.0,10.42.0.28,80.0,TCP,54,51385  >  80 [ACK] Seq=1 Ack=1 Win=65535 Len=0,0.000105
1812,1162466.065214,10.42.0.13,50552.0,10.42.0.49,52432.0,TCP,54,50552  >  52432 [ACK] Seq=1 Ack=1 Win=65535 Len=0,0.001019
1813,1170389.533169,10.42.0.13,50342.0,10.42.0.49,52432.0,TCP,54,50391  >  52432 [ACK] Seq=1 Ack=1 Win=65535 Len=0,0.003655
1814,1183202.88975,10.42.0.49,52432.0,10.42.0.13,51068.0,TCP,54,52432  >  50532 [ACK] Seq=1 Ack=163 Win=5678 Len=0,0.004565
1815,351008.413953,10.42.0.13,51353.0,10.42.0.28,80.0,TCP,54,51359  >  80 [ACK] Seq=482 Ack=103 Win=65535 Len=0,0.000111
1816,351019.134511,10.42.0.28,80.0,10.42.0.13,51381.0,TCP,58,"80  >  51383 [SYN, ACK] Seq=0 Ack=1 Win=2920 Len=0 MSS=1460",0.000179
1817,351024.056151,10.42.0.13,51387.0,10.42.0.28,80.0,TCP,54,51371  >  80 [ACK] Seq=482 Ack=102 Win=65535 Len=0,0.000105
1818,1132277.30603,10.42.0.49,52432.0,10.42.0.13,50333.0,TCP,54,52432  >  50346 [ACK] Seq=1 Ack=163 Win=5678 Len=0,0.003648
1819,1136407.98498,10.42.0.49,52432.0,10.42.0.13,50536.0,TCP,54,52432  >  50866 [ACK] Seq=1781 Ack=497 Win=5344 Len=0,0.001169
1820,1132277.587211,10.42.0.49,61395.0,99.81.71.200,443.0,TLSv1.2,123,Application Data,1.850547
1821,241092.867395,10.42.0.49,5353.0,10.42.0.13,5353.0,MDNS,174,"Standard query response 0x0000 TXT MSS210-9f39._hap._tcp.local, ""QU"" question TXT",0.000224
1822,1132277.379821,10.42.0.49,61395.0,99.81.71.200,443.0,TLSv1.2,539,Application Data,0.001252
1823,1166939.123079,10.42.0.49,61395.0,99.81.71.200,443.0,TLSv1.2,123,Application Data,3.653687
1824,1132277.912547,10.42.0.13,65050.0,10.42.0.49,52432.0,TCP,54,50552  >  52432 [ACK] Seq=496 Ack=1344 Win=65535 Len=0,0.006431
1825,351019.692589,10.42.0.13,51387.0,10.42.0.28,80.0,TCP,54,51343  >  80 [ACK] Seq=514 Ack=104 Win=65535 Len=0,0.000105
1826,422076.251126,10.42.0.49,52432.0,10.42.0.13,62626.0,TCP,54,52432  >  62626 [ACK] Seq=1 Ack=163 Win=5678 Len=0,0.203099
1827,1156190.542025,10.42.0.49,5353.0,224.0.0.251,5353.0,MDNS,291,"Standard query response 0x0000 TXT, cache flush SRV, cache flush 0 0 52432 Meross_Smart_Plug.local A, cache flush 10.42.0.49 AAA",
1828,1163678.702973,10.42.0.49,61395.0,99.81.71.200,443.0,TLSv1.2,539,Application Data,0.153854
1829,422076.083525,10.42.0.13,62764.0,10.42.0.49,52432.0,TCP,54,62626  >  52432 [ACK] Seq=496 Ack=1781 Win=65535 Len=0,0.003487
1830,1177035.898926,10.42.0.49,52432.0,10.42.0.13,50833.0,HTTP,135,HTTP/1.1 200 OK  (application/pairing+tlv8),0.041419
1831,1131125.531351,10.42.0.49,5353.0,10.42.0.13,5353.0,MDNS,174,"Standard query response 0x0000 TXT MSS210-9f39._hap._tcp.local, ""QU"" question TXT",0.000445
1832,1154669.959475,10.42.0.49,5353.0,224.0.0.251,5353.0,MDNS,305,"Standard query response 0x0000 PTR MSS210-9f39._hap._tcp.local SRV, cache flush 0 0 52432 Meross_Smart_Plug.local TXT, cache flush A",
1833,1142681.137633,10.42.0.49,61395.0,99.81.71.200,443.0,TCP,54,61395  >  443 [ACK] Seq=32031 Ack=1202227 Win=5840 Len=0,0.213152
1834,1166164.118742,10.42.0.49,52432.0,10.42.0.13,50622.0,TCP,54,52432  >  50614 [ACK] Seq=1 Ack=163 Win=5678 Len=0,0.102577
1835,1161181.932931,10.42.0.49,5353.0,10.42.0.13,5353.0,MDNS,174,"Standard query response 0x0000 TXT MSS210-9f39._hap._tcp.local, ""QU"" question TXT",0.002227
1836,1156072.859856,10.42.0.13,50550.0,10.42.0.49,52432.0,TCP,54,50555  >  52432 [ACK] Seq=496 Ack=1781 Win=65535 Len=0,0.001565
1837,1150947.758048,10.42.0.13,50526.0,10.42.0.49,52432.0,TCP,54,50557  >  52432 [ACK] Seq=496 Ack=1344 Win=65535 Len=0,0.004965
1838,418620.881627,10.42.0.49,52432.0,10.42.0.13,62585.0,HTTP,135,HTTP/1.1 200 OK  (application/pairing+tlv8),0.044684
1839,1165693.035262,10.42.0.49,52432.0,10.42.0.13,50705.0,HTTP,1096,Continuation,0.010569
1840,1152939.325198,10.42.0.49,5353.0,10.42.0.13,5353.0,MDNS,174,"Standard query response 0x0000 TXT MSS210-9f39._hap._tcp.local, ""QU"" question TXT",0.009452
1841,1132277.55126,10.42.0.49,61395.0,99.81.71.200,443.0,TLSv1.2,539,Application Data,0.039445
1842,1174346.587368,10.42.0.49,52432.0,10.42.0.13,50834.0,TCP,54,[TCP Keep-Alive ACK] 52432  >  50573 [ACK] Seq=1781 Ack=496 Win=5345 Len=0,0.00
1843,351019.575966,10.42.0.13,51378.0,10.42.0.28,80.0,TCP,54,51382  >  80 [ACK] Seq=482 Ack=103 Win=65535 Len=0,0.000108
1844,1174217.414869,10.42.0.49,52432.0,10.42.0.13,50492.0,TCP,54,52432  >  50491 [ACK] Seq=1 Ack=163 Win=5678 Len=0,0.003589
1845,405060.822282,10.42.0.13,51447.0,10.42.0.28,80.0,TCP,54,51434  >  80 [ACK] Seq=483 Ack=102 Win=65535 Len=0,0.000101
1846,1149547.685039,10.42.0.49,52432.0,10.42.0.13,50540.0,TCP,54,"52432  >  50536 [FIN, ACK] Seq=1781 Ack=497 Win=5344 Len=0",0.004882
1847,351024.871215,10.42.0.13,51347.0,10.42.0.28,80.0,TCP,54,51392  >  80 [ACK] Seq=1 Ack=1 Win=65535 Len=0,0.00405
1848,419267.505286,10.42.0.49,61389.0,54.216.1.110,443.0,TCP,54,61389  >  443 [ACK] Seq=110458 Ack=1866 Win=5840 Len=0,0.114364
1849,1170360.561964,10.42.0.49,5353.0,10.42.0.13,5353.0,MDNS,174,"Standard query response 0x0000 TXT MSS210-9f39._hap._tcp.local, ""QU"" question TXT",0.010264
1850,1152626.35227,10.42.0.13,50559.0,10.42.0.28,80.0,TCP,54,52505  >  80 [ACK] Seq=1 Ack=1 Win=65535 Len=0,0.000105
1851,1131454.57503,10.42.0.49,52432.0,10.42.0.13,50533.0,HTTP,274,HTTP/1.1 200 OK  (application/pairing+tlv8),0.045057
1852,1132277.46293,10.42.0.49,61395.0,99.81.71.200,443.0,TLSv1.2,539,Application Data,0.036768
1853,1150947.99844,10.42.0.49,61395.0,99.81.71.200,443.0,TLSv1.2,555,Application Data,0.095522
1854,351019.575866,10.42.0.13,51381.0,10.42.0.28,80.0,TCP,54,51363  >  80 [ACK] Seq=1 Ack=1 Win=65535 Len=0,0.00425
1855,1141820.408079,10.42.0.49,52432.0,10.42.0.13,50550.0,TCP,54,52432  >  50530 [ACK] Seq=1781 Ack=497 Win=5344 Len=0,0.002345
1856,1163939.104925,10.42.0.49,5353.0,10.42.0.13,5353.0,MDNS,174,"Standard query response 0x0000 TXT MSS210-9f39._hap._tcp.local, ""QU"" question TXT",0.000986
1857,356631.352545,10.42.0.49,5353.0,10.42.0.13,5353.0,MDNS,174,"Standard query response 0x0000 TXT MSS210-9f39._hap._tcp.local, ""QU"" question TXT",0.000286
1858,350457.112199,10.42.0.49,61388.0,54.216.1.110,443.0,TCP,54,61388  >  443 [ACK] Seq=15723 Ack=18800 Win=5840 Len=0,0.129838
1859,1139328.561576,10.42.0.49,61395.0,99.81.71.200,443.0,TLSv1.2,123,Application Data,10.01414
1860,350698.893891,10.42.0.13,61888.0,10.42.0.49,52432.0,TCP,54,61888  >  52432 [ACK] Seq=414 Ack=302 Win=65535 Len=0,0.001251
1861,324132.339101,10.42.0.49,61387.0,54.216.1.110,443.0,TLSv1.2,539,Application Data,0.102302
1862,1178007.966326,10.42.0.13,50829.0,10.42.0.49,52432.0,TCP,54,50829  >  52432 [ACK] Seq=496 Ack=1781 Win=65535 Len=0,0.004433
1863,350984.880085,10.42.0.49,61388.0,54.216.1.110,443.0,TLSv1.2,123,Application Data,10.202665
1864,353509.461311,10.42.0.28,80.0,10.42.0.13,51387.0,TCP,54,80  >  51383 [ACK] Seq=1 Ack=483 Win=2438 Len=0,0.002235
1865,423209.545207,10.42.0.49,52432.0,10.42.0.13,62602.0,HTTP,135,HTTP/1.1 200 OK  (application/pairing+tlv8),0.327874
1866,410997.13584,10.42.0.13,51717.0,10.42.0.28,80.0,TCP,54,51717  >  80 [ACK] Seq=1 Ack=1 Win=65535 Len=0,0.003526
1867,350982.13214,10.42.0.49,5353.0,10.42.0.13,5353.0,MDNS,174,"Standard query response 0x0000 TXT MSS210-9f39._hap._tcp.local, ""QU"" question TXT",0.001022
1868,1132277.290475,10.42.0.13,65050.0,10.42.0.49,52432.0,TCP,54,50504  >  52432 [ACK] Seq=496 Ack=1781 Win=65535 Len=0,0.000373
1869,1167123.53019,10.42.0.49,61395.0,99.81.71.200,443.0,TLSv1.2,539,Application Data,0.002548
1870,1155555.003315,10.42.0.13,50538.0,10.42.0.49,52432.0,TCP,54,50555  >  52432 [ACK] Seq=496 Ack=1781 Win=65535 Len=0,0.001075
1871,1183202.827449,10.42.0.49,52432.0,10.42.0.13,50946.0,TCP,54,52432  >  50904 [ACK] Seq=1781 Ack=497 Win=5344 Len=0,0.001386
1872,255906.459535,10.42.0.13,52749.0,10.42.0.28,80.0,TCP,54,52743  >  80 [ACK] Seq=1 Ack=1 Win=65535 Len=0,0.00105
1873,1183202.629791,10.42.0.49,61395.0,99.81.71.200,443.0,TLSv1.2,123,Application Data,1.121957
1874,351019.535327,10.42.0.13,5136.0,10.42.0.49,5353.0,MDNS,87,"Standard query 0x0000 TXT MSS210-9f39._hap._tcp.local, ""QU"" question",0.120333
1875,1132277.919999,10.42.0.13,50323.0,10.42.0.49,52432.0,TCP,54,50391  >  52432 [ACK] Seq=497 Ack=1782 Win=65535 Len=0,0.000115
1876,1144171.510263,10.42.0.49,52432.0,10.42.0.13,50491.0,TCP,54,52432  >  50505 [ACK] Seq=1 Ack=163 Win=5678 Len=0,0.10115
1877,1132277.407712,10.42.0.49,61395.0,99.81.71.200,443.0,TCP,54,61395  >  443 [ACK] Seq=32556 Ack=16974 Win=4451 Len=0,0.169294
1878,1171418.541735,10.42.0.49,52432.0,10.42.0.13,50503.0,HTTP,491,Continuation,0.004074
1879,1134563.052963,10.42.0.49,61395.0,99.81.71.200,443.0,TCP,54,61395  >  443 [ACK] Seq=30776 Ack=185990 Win=4520 Len=0,0.112721
1880,1144476.160139,10.42.0.49,52432.0,10.42.0.13,50505.0,TCP,54,52432  >  50532 [ACK] Seq=1 Ack=163 Win=5678 Len=0,0.002565
1881,1132277.365058,10.42.0.49,61395.0,99.81.71.200,443.0,TLSv1.2,539,Application Data,0.13746
1882,351019.93789,10.42.0.49,5353.0,10.42.0.13,5353.0,MDNS,174,"Standard query response 0x0000 TXT MSS210-9f39._hap._tcp.local, ""QU"" question TXT",0.000993
1883,1156938.052947,10.42.0.13,50551.0,10.42.0.49,52432.0,TCP,54,50551  >  52432 [ACK] Seq=163 Ack=221 Win=65535 Len=0,0.001156
1884,1166077.65414,10.42.0.49,61395.0,99.81.71.200,443.0,TLSv1.2,123,Application Data,15.23395
1885,351024.963362,10.42.0.28,80.0,10.42.0.13,51369.0,TCP,58,"80  >  51376 [SYN, ACK] Seq=0 Ack=1 Win=2920 Len=0 MSS=1460",0.000117
1886,351007.530891,10.42.0.28,80.0,10.42.0.13,51349.0,TCP,54,80  >  51382 [ACK] Seq=1 Ack=483 Win=2438 Len=0,0.002552
1887,1158909.660827,10.42.0.49,5353.0,10.42.0.13,5353.0,MDNS,174,"Standard query response 0x0000 TXT MSS210-9f39._hap._tcp.local, ""QU"" question TXT",0.007554
1888,410997.932632,10.42.0.49,61389.0,54.216.1.110,443.0,TLSv1.2,539,Application Data,0.011536
1889,1178000.253141,10.42.0.13,50818.0,10.42.0.49,52432.0,TCP,54,51060  >  52432 [ACK] Seq=496 Ack=1344 Win=65535 Len=0,0.003187
1890,416844.460013,10.42.0.49,61389.0,54.216.1.110,443.0,TCP,54,61389  >  443 [ACK] Seq=11347 Ack=29240 Win=5840 Len=0,0.093052
1891,1152092.625013,10.42.0.13,50575.0,10.42.0.49,52432.0,TCP,54,50550  >  52432 [ACK] Seq=496 Ack=1781 Win=65535 Len=0,0.003646
1892,351019.510341,10.42.0.13,51387.0,10.42.0.28,80.0,TCP,54,51346  >  80 [ACK] Seq=515 Ack=104 Win=65535 Len=0,0.000251
1893,351019.57051,10.42.0.13,51353.0,10.42.0.28,80.0,TCP,54,51398  >  80 [ACK] Seq=1 Ack=1 Win=65535 Len=0,0.002105
1894,1170355.440658,10.42.0.49,5353.0,10.42.0.13,5353.0,MDNS,174,"Standard query response 0x0000 TXT MSS210-9f39._hap._tcp.local, ""QU"" question TXT",0.005545
1895,1144778.460687,10.42.0.49,5353.0,10.42.0.13,5353.0,MDNS,174,"Standard query response 0x0000 TXT MSS210-9f39._hap._tcp.local, ""QU"" question TXT",0.000376
1896,1181202.683184,10.42.0.49,5353.0,10.42.0.13,5353.0,MDNS,174,"Standard query response 0x0000 TXT MSS210-9f39._hap._tcp.local, ""QU"" question TXT",0.010879
1897,351019.321121,10.42.0.13,51387.0,10.42.0.28,80.0,TCP,54,51381  >  80 [ACK] Seq=483 Ack=103 Win=65535 Len=0,0.000111
1898,264556.920322,10.42.0.13,52327.0,10.42.0.28,80.0,TCP,54,52327  >  80 [ACK] Seq=482 Ack=103 Win=65535 Len=0,0.000105
1899,1178938.990063,10.42.0.49,61395.0,99.81.71.200,443.0,TLSv1.2,123,Application Data,3.177293
1900,1164566.511143,10.42.0.49,52432.0,10.42.0.13,50520.0,TCP,54,52432  >  50520 [ACK] Seq=1 Ack=163 Win=5678 Len=0,0.006826
1901,1155555.638755,10.42.0.13,50505.0,10.42.0.49,52432.0,TCP,54,50551  >  52432 [ACK] Seq=163 Ack=221 Win=65535 Len=0,0.000115
1902,1170390.533473,10.42.0.13,50742.0,10.42.0.49,52432.0,HTTP,305,POST /pair-verify HTTP/1.1  (application/pairing+tlv8),0.014388
1903,1141861.06429,10.42.0.49,52432.0,10.42.0.13,50603.0,TCP,54,52432  >  50614 [ACK] Seq=1 Ack=163 Win=5678 Len=0,0.003257
1904,1160856.12986,10.42.0.49,5353.0,10.42.0.13,5353.0,MDNS,174,"Standard query response 0x0000 TXT MSS210-9f39._hap._tcp.local, ""QU"" question TXT",0.000763
1905,1161231.69542,10.42.0.49,52432.0,10.42.0.13,50603.0,TCP,54,52432  >  50976 [ACK] Seq=1 Ack=163 Win=5678 Len=0,0.178574
1906,1152629.811417,10.42.0.49,61395.0,99.81.71.200,443.0,TCP,54,61395  >  443 [ACK] Seq=24197 Ack=30068 Win=5840 Len=0,0.232416
1907,1155130.655859,10.42.0.49,5353.0,10.42.0.13,5353.0,MDNS,174,"Standard query response 0x0000 TXT MSS210-9f39._hap._tcp.local, ""QU"" question TXT",0.000839
1908,1163960.97298,10.42.0.49,52432.0,10.42.0.13,50708.0,HTTP,1096,Continuation,0.007482
1909,412553.305855,10.42.0.13,62724.0,10.42.0.49,52432.0,TCP,54,62472  >  52432 [ACK] Seq=496 Ack=1781 Win=65535 Len=0,0.003166
1910,351002.131054,10.42.0.28,80.0,10.42.0.13,51365.0,TCP,54,80  >  51365 [ACK] Seq=1 Ack=483 Win=2438 Len=0,0.002523
1911,1155005.435559,10.42.0.13,50575.0,10.42.0.49,52432.0,TCP,54,50555  >  52432 [ACK] Seq=163 Ack=221 Win=65535 Len=0,0.000112
1912,351024.998011,10.42.0.13,51346.0,10.42.0.28,80.0,TCP,54,51393  >  80 [ACK] Seq=1 Ack=1 Win=65535 Len=0,0.002103
1913,351019.905347,10.42.0.13,51387.0,10.42.0.28,80.0,TCP,54,51371  >  80 [ACK] Seq=482 Ack=103 Win=65535 Len=0,0.000105
1914,1181900.547026,10.42.0.49,52432.0,10.42.0.13,50505.0,TCP,54,52432  >  50532 [ACK] Seq=1 Ack=163 Win=5678 Len=0,0.001107
1915,1155825.383667,10.42.0.49,61395.0,99.81.71.200,443.0,TLSv1.2,539,Application Data,0.119854
1916,1152909.680647,10.42.0.13,50552.0,10.42.0.49,52432.0,TCP,54,50559  >  52432 [ACK] Seq=1 Ack=1 Win=65535 Len=0,0.006459
1917,1166217.295369,10.42.0.49,52432.0,10.42.0.13,50606.0,HTTP,1096,Continuation,0.006712
1918,351019.133321,10.42.0.13,51387.0,10.42.0.28,80.0,TCP,54,51373  >  80 [ACK] Seq=1 Ack=1 Win=65535 Len=0,0.004247
1919,1170555.668899,10.42.0.49,5353.0,10.42.0.13,5353.0,MDNS,174,"Standard query response 0x0000 TXT MSS210-9f39._hap._tcp.local, ""QU"" question TXT",0.000168
1920,1132277.135533,10.42.0.49,52432.0,10.42.0.13,50310.0,HTTP,1096,Continuation,0.006532
1921,1165690.970854,10.42.0.13,50526.0,10.42.0.49,52432.0,TCP,54,50526  >  52432 [ACK] Seq=497 Ack=1782 Win=65535 Len=0,0.006467
1922,351019.66252,10.42.0.28,80.0,10.42.0.13,51382.0,TCP,54,80  >  51374 [ACK] Seq=1 Ack=483 Win=2438 Len=0,0.002439
1923,1164569.420063,10.42.0.49,52432.0,10.42.0.13,50505.0,TCP,54,52432  >  50505 [ACK] Seq=1781 Ack=497 Win=5344 Len=0,0.000125
1924,1148620.411174,10.42.0.49,61395.0,99.81.71.200,443.0,TCP,54,61395  >  443 [ACK] Seq=22569 Ack=14974 Win=5849 Len=0,0.183325
1925,1182029.578314,10.42.0.13,5353.0,10.42.0.49,5353.0,MDNS,87,"Standard query 0x0000 TXT MSS210-9f39._hap._tcp.local, ""QU"" question",0.000112
1926,249465.630715,10.42.0.49,5353.0,224.0.0.251,5353.0,MDNS,305,"Standard query response 0x0000 PTR MSS210-9f39._hap._tcp.local SRV, cache flush 0 0 52432 Meross_Smart_Plug.local TXT, cache flush A,",
1927,1177484.604139,10.42.0.49,5353.0,10.42.0.13,5353.0,MDNS,174,"Standard query response 0x0000 TXT MSS210-9f39._hap._tcp.local, ""QU"" question TXT",0.001264
1928,315228.171524,10.42.0.13,59479.0,10.42.0.28,80.0,TCP,54,59432  >  80 [ACK] Seq=483 Ack=103 Win=65535 Len=0,0.000111
1929,1161839.470139,10.42.0.49,5353.0,10.42.0.13,5353.0,MDNS,174,"Standard query response 0x0000 TXT MSS210-9f39._hap._tcp.local, ""QU"" question TXT",0.009483
1930,1170355.629349,10.42.0.49,61395.0,99.81.71.200,443.0,TLSv1.2,123,Application Data,17.747775
1931,1178006.149446,10.42.0.49,5353.0,10.42.0.13,5353.0,MDNS,270,"Standard query response 0x0000 PTR _hap._tcp.local, ""QU"" question PTR MSS210-9f39._hap._tcp.local SRV 0 0 52432 Meross_Smart_Pl",
1932,320015.577663,10.42.0.13,59474.0,10.42.0.28,80.0,TCP,54,59439  >  80 [ACK] Seq=483 Ack=103 Win=65535 Len=0,0.000101
1933,351019.05319,10.42.0.13,51387.0,10.42.0.28,80.0,TCP,54,51365  >  80 [ACK] Seq=1 Ack=1 Win=65535 Len=0,0.004219
1934,316032.498755,10.42.0.49,52432.0,10.42.0.13,60881.0,TCP,54,52432  >  60871 [ACK] Seq=1781 Ack=497 Win=5344 Len=0,0.000131
1935,422073.407247,10.42.0.49,5353.0,10.42.0.13,5353.0,MDNS,174,"Standard query response 0x0000 TXT MSS210-9f39._hap._tcp.local, ""QU"" question TXT",0.000225
1936,410997.07572,10.42.0.49,61389.0,54.216.1.110,443.0,TLSv1.2,555,Application Data,0.102657
1937,1152119.987031,10.42.0.49,61395.0,99.81.71.200,443.0,TLSv1.2,555,Application Data,0.025398
1938,1145319.651494,10.42.0.49,5353.0,10.42.0.13,5353.0,MDNS,174,"Standard query response 0x0000 TXT MSS210-9f39._hap._tcp.local, ""QU"" question TXT",0.000627
1939,351024.018025,10.42.0.28,80.0,10.42.0.13,51367.0,TCP,54,80  >  51385 [ACK] Seq=1 Ack=483 Win=2438 Len=0,0.000215
1940,351019.432286,10.42.0.13,51384.0,10.42.0.28,80.0,TCP,54,51343  >  80 [ACK] Seq=515 Ack=103 Win=65535 Len=0,0.000101
1941,320013.879916,10.42.0.13,59687.0,10.42.0.49,52432.0,TCP,54,59695  >  52432 [ACK] Seq=497 Ack=1782 Win=65535 Len=0,0.003245
1942,1132277.209068,10.42.0.49,52432.0,10.42.0.13,50333.0,TCP,54,52432  >  50310 [ACK] Seq=1781 Ack=497 Win=5344 Len=0,0.001257
1943,351019.614139,10.42.0.49,5353.0,10.42.0.13,5353.0,MDNS,174,"Standard query response 0x0000 TXT MSS210-9f39._hap._tcp.local, ""QU"" question TXT",0.010665
1944,351015.199989,10.42.0.13,51353.0,10.42.0.28,80.0,TCP,54,51395  >  80 [ACK] Seq=1 Ack=1 Win=65535 Len=0,0.000105
1945,1134451.635638,10.42.0.49,61395.0,99.81.71.200,443.0,TCP,54,61395  >  443 [ACK] Seq=111397 Ack=1189 Win=5111 Len=0,0.269832
1946,1149567.630396,10.42.0.49,52432.0,10.42.0.13,50505.0,TCP,54,52432  >  50532 [ACK] Seq=1781 Ack=497 Win=5344 Len=0,0.004698
1947,1144218.589954,10.42.0.49,61395.0,99.81.71.200,443.0,TLSv1.2,123,Application Data,4.413354
1948,246304.172589,10.42.0.13,59686.0,10.42.0.49,52432.0,TCP,54,59695  >  52432 [ACK] Seq=497 Ack=1782 Win=65535 Len=0,0.005352
1949,242757.026094,10.42.0.49,52432.0,10.42.0.13,59691.0,HTTP,1096,Continuation,0.006794
1950,1177055.659094,10.42.0.49,52432.0,10.42.0.13,50581.0,TCP,54,[TCP Keep-Alive ACK] 52432  >  50571 [ACK] Seq=1781 Ack=496 Win=5345 Len=0,0.00
1951,1177055.433314,10.42.0.49,52432.0,10.42.0.13,50581.0,HTTP,491,Continuation,0.004733
1952,351019.135276,10.42.0.13,51387.0,10.42.0.28,80.0,TCP,54,51382  >  80 [ACK] Seq=482 Ack=103 Win=65535 Len=0,0.000111
1953,1148620.618379,10.42.0.49,52432.0,10.42.0.13,50533.0,TCP,54,52432  >  50614 [ACK] Seq=1 Ack=163 Win=5678 Len=0,0.118277
1954,376912.803077,10.42.0.49,52432.0,10.42.0.13,61955.0,HTTP,274,HTTP/1.1 200 OK  (application/pairing+tlv8),0.314945
1955,1138203.685543,10.42.0.49,61395.0,99.81.71.200,443.0,TLSv1.2,123,Application Data,15.68337
1956,1158383.13131,10.42.0.49,5353.0,10.42.0.13,5353.0,MDNS,174,"Standard query response 0x0000 TXT MSS210-9f39._hap._tcp.local, ""QU"" question TXT",0.011485
1957,1132280.418191,10.42.0.13,50363.0,10.42.0.49,52432.0,TCP,54,50325  >  52432 [ACK] Seq=496 Ack=1344 Win=65535 Len=0,0.003117
1958,324988.300351,10.42.0.13,60919.0,10.42.0.49,52432.0,TCP,54,60930  >  52432 [ACK] Seq=497 Ack=1782 Win=65535 Len=0,0.003651
1959,1149317.926076,10.42.0.13,50507.0,10.42.0.49,52432.0,TCP,54,50705  >  52432 [ACK] Seq=496 Ack=1781 Win=65535 Len=0,0.001099
1960,1181203.603063,10.42.0.49,5353.0,10.42.0.13,5353.0,MDNS,270,"Standard query response 0x0000 PTR _hap._tcp.local, ""QU"" question PTR MSS210-9f39._hap._tcp.local SRV 0 0 52432 Meross_Smart_Pl",
1961,1178006.680985,10.42.0.49,5353.0,10.42.0.13,5353.0,MDNS,174,"Standard query response 0x0000 TXT MSS210-9f39._hap._tcp.local, ""QU"" question TXT",0.007851
1962,351019.610319,10.42.0.28,80.0,10.42.0.13,51367.0,TCP,58,"80  >  51383 [SYN, ACK] Seq=0 Ack=1 Win=2920 Len=0 MSS=1460",0.000125
1963,360143.38802,10.42.0.13,61870.0,10.42.0.49,52432.0,TCP,54,61870  >  52432 [ACK] Seq=496 Ack=1781 Win=65535 Len=0,0.000107
1964,1166816.141142,10.42.0.49,5353.0,10.42.0.13,5353.0,MDNS,174,"Standard query response 0x0000 TXT MSS210-9f39._hap._tcp.local, ""QU"" question TXT",0.010126
1965,1149106.129089,10.42.0.49,52432.0,10.42.0.13,50550.0,TCP,58,"52432  >  50505 [SYN, ACK] Seq=0 Ack=1 Win=5840 Len=0 MSS=1460",0.00010
1966,351024.322189,10.42.0.13,59495.0,10.42.0.49,80.0,TCP,54,59431  >  80 [ACK] Seq=583 Ack=103 Win=65535 Len=0,0.000105
1967,1166690.870097,10.42.0.13,50825.0,10.42.0.49,52432.0,TCP,54,50707  >  52432 [ACK] Seq=163 Ack=221 Win=65535 Len=0,0.000108
1968,1175129.611995,10.42.0.49,52432.0,10.42.0.13,50568.0,HTTP,1096,Continuation,0.010104
1969,261234.123964,10.42.0.49,52432.0,10.42.0.13,59469.0,TCP,54,52432  >  59619 [ACK] Seq=1 Ack=163 Win=5678 Len=0,0.002369
1970,1176739.555494,10.42.0.49,61395.0,99.81.71.200,443.0,TLSv1.2,539,Application Data,0.015345
1971,1156069.966051,10.42.0.49,61395.0,99.81.71.200,443.0,TLSv1.2,539,Application Data,0.137353
1972,423008.824485,10.42.0.13,62719.0,10.42.0.49,52432.0,TCP,54,62627  >  52432 [ACK] Seq=1 Ack=1 Win=65535 Len=0,0.002556
1973,1167398.036032,10.42.0.49,61395.0,99.81.71.200,443.0,TCP,54,61395  >  443 [ACK] Seq=32566 Ack=135567 Win=4520 Len=0,0.243523
1974,256377.965115,10.42.0.49,52432.0,10.42.0.13,59812.0,HTTP,135,HTTP/1.1 200 OK  (application/pairing+tlv8),0.046258
1975,351008.561068,10.42.0.13,51347.0,10.42.0.28,80.0,TCP,54,51349  >  80 [ACK] Seq=483 Ack=103 Win=65535 Len=0,0.000106
1976,350685.421846,10.42.0.13,51387.0,10.42.0.49,52432.0,TCP,54,59870  >  52432 [ACK] Seq=497 Ack=1782 Win=65535 Len=0,0.002564
1977,1132277.495745,10.42.0.49,61395.0,99.81.71.200,443.0,TLSv1.2,555,Application Data,0.106043
1978,242757.236161,10.42.0.13,59468.0,10.42.0.49,52432.0,TCP,54,59476  >  52432 [ACK] Seq=414 Ack=302 Win=65535 Len=0,0.000126
1979,1170630.535211,10.42.0.13,50742.0,10.42.0.49,52432.0,TCP,54,50756  >  52432 [ACK] Seq=496 Ack=1781 Win=65535 Len=0,0.004733
1980,351008.155155,10.42.0.28,80.0,10.42.0.13,51365.0,TCP,58,"80  >  51362 [SYN, ACK] Seq=0 Ack=1 Win=2920 Len=0 MSS=1460",0.000107
1981,1142787.884342,10.42.0.13,50539.0,10.42.0.49,52432.0,TCP,54,50842  >  52432 [ACK] Seq=496 Ack=1781 Win=65535 Len=0,0.004397
1982,1164569.069154,10.42.0.49,61395.0,99.81.71.200,443.0,TLSv1.2,555,Application Data,0.095517
1983,324132.913671,10.42.0.13,59477.0,10.42.0.49,52432.0,TCP,54,59693  >  52432 [ACK] Seq=497 Ack=1782 Win=65535 Len=0,0.003681
1984,1132277.452032,10.42.0.13,50326.0,10.42.0.28,80.0,TCP,54,65052  >  80 [ACK] Seq=1 Ack=1 Win=65535 Len=0,0.000104
1985,1143426.801245,10.42.0.13,50524.0,10.42.0.49,52432.0,TCP,54,50524  >  52432 [ACK] Seq=497 Ack=1782 Win=65535 Len=0,0.003461
1986,1171125.594639,10.42.0.49,52432.0,10.42.0.13,50560.0,TCP,54,52432  >  50505 [ACK] Seq=1781 Ack=497 Win=5344 Len=0,0.000497
1987,1178897.206344,10.42.0.49,52432.0,10.42.0.13,50856.0,TCP,54,52432  >  50838 [ACK] Seq=1 Ack=163 Win=5678 Len=0,0.005831
1988,1163982.130274,10.42.0.49,5353.0,10.42.0.13,5353.0,MDNS,174,"Standard query response 0x0000 TXT MSS210-9f39._hap._tcp.local, ""QU"" question TXT",0.001125
1989,1171349.675072,10.42.0.49,61395.0,99.81.71.200,443.0,TLSv1.2,555,Application Data,0.108667
1990,1170562.61527,10.42.0.49,61395.0,99.81.71.200,443.0,TLSv1.2,555,Application Data,0.007567
1991,1178006.906025,10.42.0.49,52432.0,10.42.0.13,50940.0,TCP,54,52432  >  50530 [ACK] Seq=1781 Ack=497 Win=5344 Len=0,0.000119
1992,1174785.691714,10.42.0.49,52432.0,10.42.0.13,50869.0,HTTP,135,HTTP/1.1 200 OK  (application/pairing+tlv8),0.041043
1993,351019.30439,10.42.0.13,51387.0,10.42.0.28,80.0,TCP,54,51393  >  80 [ACK] Seq=1 Ack=1 Win=65535 Len=0,0.004571
1994,1132277.587167,10.42.0.49,61395.0,99.81.71.200,443.0,TLSv1.2,539,Application Data,0.102818
1995,1177824.910732,10.42.0.49,5353.0,10.42.0.13,5353.0,MDNS,174,"Standard query response 0x0000 TXT MSS210-9f39._hap._tcp.local, ""QU"" question TXT",0.000547
1996,1176738.834668,10.42.0.49,5353.0,10.42.0.13,5353.0,MDNS,174,"Standard query response 0x0000 TXT MSS210-9f39._hap._tcp.local, ""QU"" question TXT",0.000262
1997,1152277.412751,10.42.0.49,61395.0,99.81.71.200,443.0,TLSv1.2,123,Application Data,12.257845
1998,1166917.685254,10.42.0.49,52432.0,10.42.0.13,50702.0,TCP,54,52432  >  50602 [ACK] Seq=1 Ack=163 Win=5678 Len=0,0.110106
1999,353509.110515,10.42.0.28,80.0,10.42.0.13,51341.0,TCP,54,80  >  51337 [ACK] Seq=1 Ack=483 Win=2438 Len=0,0.002253
2000,1170574.621973,10.42.0.49,5353.0,10.42.0.13,5353.0,MDNS,174,"Standard query response 0x0000 TXT MSS210-9f39._hap._tcp.local, ""QU"" question TXT",0.010966
2001,1141217.038425,10.42.0.49,52432.0,10.42.0.13,50493.0,TCP,54,52432  >  50494 [ACK] Seq=1 Ack=163 Win=5678 Len=0,0.002786
2002,1134778.638631,10.42.0.49,52432.0,10.42.0.13,50333.0,HTTP,135,HTTP/1.1 200 OK  (application/pairing+tlv8),0.049686
2003,1171207.667666,10.42.0.49,61395.0,99.81.71.200,443.0,TLSv1.2,555,Application Data,0.100786
2004,1152095.712581,10.42.0.13,50551.0,10.42.0.49,52432.0,TCP,54,50551  >  52432 [ACK] Seq=1 Ack=1 Win=65535 Len=0,0.006773
2005,1171360.625759,10.42.0.49,61395.0,99.81.71.200,443.0,TCP,54,61395  >  443 [ACK] Seq=15762 Ack=18551 Win=4584 Len=0,0.161528
2006,1176478.460025,10.42.0.49,61395.0,99.81.71.200,443.0,TLSv1.2,555,Application Data,0.095842
2007,1143188.827467,10.42.0.49,52432.0,10.42.0.13,50549.0,TCP,54,[TCP Keep-Alive ACK] 52432  >  50574 [ACK] Seq=1781 Ack=496 Win=5345 Len=0,0.00
2008,1132277.405286,10.42.0.13,50329.0,10.42.0.49,52432.0,TCP,54,50325  >  52432 [ACK] Seq=496 Ack=1344 Win=65535 Len=0,0.002658
2009,420255.083066,10.42.0.13,62728.0,10.42.0.49,52432.0,TCP,54,62602  >  52432 [ACK] Seq=496 Ack=1781 Win=65535 Len=0,0.003237
2010,1182027.280623,10.42.0.13,59190.0,10.42.0.49,52432.0,TCP,54,50963  >  52432 [ACK] Seq=496 Ack=1781 Win=65535 Len=0,0.002818
2011,1132277.52329,10.42.0.49,52432.0,10.42.0.13,50330.0,TCP,54,52432  >  50320 [ACK] Seq=1781 Ack=497 Win=5344 Len=0,0.001175
2012,1132277.970329,10.42.0.49,61395.0,99.81.71.200,443.0,TLSv1.2,539,Application Data,0.137304
2013,351024.997817,10.42.0.13,51365.0,10.42.0.28,80.0,TCP,54,51396  >  80 [ACK] Seq=483 Ack=103 Win=65535 Len=0,0.000101
2014,1164736.60999,10.42.0.49,61395.0,99.81.71.200,443.0,TLSv1.2,539,Application Data,0.101894
2015,422073.800318,10.42.0.13,62728.0,10.42.0.49,52432.0,TCP,54,62027  >  52432 [ACK] Seq=496 Ack=1781 Win=65535 Len=0,0.003929
2016,1132277.674732,10.42.0.49,61395.0,99.81.71.200,443.0,TCP,54,61395  >  443 [ACK] Seq=27656 Ack=15756 Win=4578 Len=0,0.022514
2017,324132.610385,10.42.0.13,59432.0,10.42.0.49,52432.0,TCP,54,59469  >  52432 [ACK] Seq=496 Ack=1781 Win=65535 Len=0,0.003904
2018,1132277.37788,10.42.0.49,52432.0,10.42.0.13,50863.0,TCP,54,52432  >  50852 [ACK] Seq=1781 Ack=497 Win=5344 Len=0,0.001173
2019,1154474.87149,10.42.0.49,52432.0,10.42.0.13,50514.0,TCP,54,52432  >  50548 [ACK] Seq=1781 Ack=497 Win=5344 Len=0,0.000566
2020,1164562.152995,10.42.0.49,52432.0,10.42.0.13,50581.0,TCP,54,52432  >  50553 [ACK] Seq=1781 Ack=497 Win=5344 Len=0,0.000237
2021,246304.697669,10.42.0.49,52432.0,10.42.0.13,59684.0,HTTP,135,HTTP/1.1 200 OK  (application/pairing+tlv8),0.046642
2022,315228.161514,10.42.0.13,60954.0,10.42.0.49,52432.0,TCP,54,60804  >  52432 [ACK] Seq=496 Ack=1781 Win=65535 Len=0,0.000165
2023,351024.391865,10.42.0.13,51381.0,10.42.0.28,80.0,TCP,54,51382  >  80 [ACK] Seq=483 Ack=103 Win=65535 Len=0,0.000105
2024,1132277.714652,10.42.0.49,61395.0,99.81.71.200,443.0,TCP,54,61395  >  443 [ACK] Seq=13574 Ack=149730 Win=5840 Len=0,0.042251
2025,1132280.64193,10.42.0.13,50394.0,10.42.0.49,52432.0,TCP,54,50391  >  52432 [ACK] Seq=163 Ack=221 Win=65535 Len=0,0.003964
2026,238903.39703,10.42.0.49,5353.0,10.42.0.13,5353.0,MDNS,174,"Standard query response 0x0000 TXT MSS210-9f39._hap._tcp.local, ""QU"" question TXT",0.003263
2027,1170582.594172,10.42.0.49,52432.0,10.42.0.13,50819.0,TCP,54,52432  >  50538 [ACK] Seq=1781 Ack=497 Win=5344 Len=0,0.000232
2028,351019.818234,10.42.0.28,80.0,10.42.0.13,51368.0,TCP,54,80  >  51388 [ACK] Seq=1 Ack=483 Win=2438 Len=0,0.001011
2029,351001.405211,10.42.0.28,80.0,10.42.0.13,51347.0,TCP,54,80  >  51362 [ACK] Seq=1 Ack=483 Win=2438 Len=0,0.002618
2030,324132.585614,10.42.0.13,59474.0,10.42.0.49,52432.0,TCP,54,59475  >  52432 [ACK] Seq=496 Ack=1344 Win=65535 Len=0,0.003152
2031,320015.64251,10.42.0.13,59608.0,10.42.0.49,80.0,TCP,54,59696  >  80 [ACK] Seq=1 Ack=1 Win=65535 Len=0,0.000105
2032,351019.058521,10.42.0.28,80.0,10.42.0.13,51341.0,TCP,58,"80  >  51366 [SYN, ACK] Seq=0 Ack=1 Win=2920 Len=0 MSS=1460",0.000103
2033,3741.049574,10.42.0.140,60287.0,10.42.0.28,80.0,TCP,54,60284  >  80 [ACK] Seq=483 Ack=103 Win=65535 Len=0,0.000101
2034,1163631.068794,10.42.0.49,52432.0,10.42.0.13,50703.0,TCP,54,52432  >  50705 [ACK] Seq=1 Ack=163 Win=5678 Len=0,0.002527
2035,351008.331034,10.42.0.28,80.0,10.42.0.13,51383.0,TCP,54,80  >  51383 [ACK] Seq=1 Ack=515 Win=2406 Len=0,0.002417
2036,1176739.963516,10.42.0.49,5353.0,224.0.0.251,5353.0,MDNS,305,"Standard query response 0x0000 PTR MSS210-9f39._hap._tcp.local SRV, cache flush 0 0 52432 Meross_Smart_Plug.local TXT, cache flush A",
2037,1164736.039932,10.42.0.49,61395.0,99.81.71.200,443.0,TLSv1.2,539,Application Data,0.123015
2038,255908.085965,10.42.0.28,80.0,10.42.0.13,52748.0,TCP,54,80  >  52748 [ACK] Seq=1 Ack=482 Win=2439 Len=0,0.000156
2039,1166839.649928,10.42.0.13,50638.0,10.42.0.49,52432.0,TCP,54,50859  >  52432 [ACK] Seq=1 Ack=1 Win=65535 Len=0,0.006367
2040,1167063.212611,10.42.0.49,5353.0,10.42.0.13,5353.0,MDNS,174,"Standard query response 0x0000 TXT MSS210-9f39._hap._tcp.local, ""QU"" question TXT",0.000142
2041,1141623.405499,10.42.0.49,61395.0,99.81.71.200,443.0,TCP,54,61395  >  443 [ACK] Seq=103552 Ack=14088 Win=5111 Len=0,0.100113
2042,1149565.41413,10.42.0.49,61395.0,99.81.71.200,443.0,TLSv1.2,539,Application Data,0.041181
2043,1166777.41562,10.42.0.49,52432.0,10.42.0.13,50850.0,TCP,54,"52432  >  50870 [FIN, ACK] Seq=1781 Ack=497 Win=5344 Len=0",0.000245
2044,1165690.541013,10.42.0.49,52432.0,10.42.0.13,50560.0,HTTP,1096,Continuation,0.005052
2045,1176211.765313,10.42.0.49,52432.0,10.42.0.13,50705.0,HTTP,1096,Continuation,0.006011
2046,1138202.192017,10.42.0.49,5353.0,10.42.0.13,5353.0,MDNS,174,"Standard query response 0x0000 TXT MSS210-9f39._hap._tcp.local, ""QU"" question TXT",0.005534
2047,1132277.777671,10.42.0.13,65052.0,10.42.0.28,80.0,TCP,54,65052  >  80 [ACK] Seq=1 Ack=1 Win=65535 Len=0,0.003759
2048,1165691.904933,10.42.0.49,5353.0,10.42.0.13,5353.0,MDNS,174,"Standard query response 0x0000 TXT MSS210-9f39._hap._tcp.local, ""QU"" question TXT",0.010822
2049,362004.950363,10.42.0.13,61895.0,10.42.0.49,52432.0,TCP,54,61895  >  52432 [ACK] Seq=497 Ack=1782 Win=65535 Len=0,0.001052
2050,1174942.156869,10.42.0.49,52432.0,10.42.0.13,50810.0,HTTP,135,HTTP/1.1 200 OK  (application/pairing+tlv8),0.046184
2051,351029.903026,10.42.0.28,80.0,10.42.0.13,51382.0,TCP,58,"80  >  51382 [SYN, ACK] Seq=0 Ack=1 Win=2920 Len=0 MSS=1460",0.001633
2052,1149547.441045,10.42.0.49,52432.0,10.42.0.13,50514.0,TCP,54,52432  >  50541 [ACK] Seq=1781 Ack=497 Win=5344 Len=0,0.000115
2053,1176930.598033,10.42.0.49,5353.0,10.42.0.13,5353.0,MDNS,174,"Standard query response 0x0000 TXT MSS210-9f39._hap._tcp.local, ""QU"" question TXT",0.010355
2054,1160118.666875,10.42.0.49,5353.0,10.42.0.13,5353.0,MDNS,174,"Standard query response 0x0000 TXT MSS210-9f39._hap._tcp.local, ""QU"" question TXT",0.000767
2055,351015.559635,10.42.0.49,5353.0,10.42.0.13,5353.0,MDNS,174,"Standard query response 0x0000 TXT MSS210-9f39._hap._tcp.local, ""QU"" question TXT",0.009994
2056,1166077.763187,10.42.0.49,52432.0,10.42.0.13,50822.0,TCP,54,[TCP Keep-Alive ACK] 52432  >  50810 [ACK] Seq=1781 Ack=496 Win=5345 Len=0,0.00
2057,1132280.495175,10.42.0.49,5353.0,10.42.0.13,5353.0,MDNS,174,"Standard query response 0x0000 TXT MSS210-9f39._hap._tcp.local, ""QU"" question TXT",0.000136
2058,1164566.784089,10.42.0.13,50638.0,10.42.0.49,52432.0,TCP,54,50615  >  52432 [ACK] Seq=414 Ack=302 Win=65535 Len=0,0.000214
2059,1178007.996741,10.42.0.49,5353.0,10.42.0.13,5353.0,MDNS,174,"Standard query response 0x0000 TXT MSS210-9f39._hap._tcp.local, ""QU"" question TXT",0.010256
2060,1170558.440664,10.42.0.49,52432.0,10.42.0.13,50531.0,TCP,54,"52432  >  50505 [FIN, ACK] Seq=1781 Ack=497 Win=5344 Len=0",0.000187
2061,1156180.719065,10.42.0.49,61395.0,99.81.71.200,443.0,TCP,54,61395  >  443 [ACK] Seq=25761 Ack=10797 Win=5111 Len=0,0.111587
2062,1141424.414615,10.42.0.49,5353.0,10.42.0.13,5353.0,MDNS,174,"Standard query response 0x0000 TXT MSS210-9f39._hap._tcp.local, ""QU"" question TXT",0.000324
2063,1132276.405225,10.42.0.13,50324.0,10.42.0.49,52432.0,TCP,54,50326  >  52432 [ACK] Seq=496 Ack=1344 Win=65535 Len=0,0.003135
2064,405153.027327,10.42.0.28,80.0,10.42.0.13,51498.0,TCP,54,80  >  51494 [ACK] Seq=1 Ack=483 Win=2438 Len=0,0.002352
2065,1132277.987766,10.42.0.13,50856.0,10.42.0.49,52432.0,TCP,54,50856  >  52432 [ACK] Seq=414 Ack=302 Win=65535 Len=0,0.000158
2066,353509.718731,10.42.0.49,5353.0,10.42.0.13,5353.0,MDNS,174,"Standard query response 0x0000 TXT MSS210-9f39._hap._tcp.local, ""QU"" question TXT",0.000253
2067,411001.690468,10.42.0.49,52432.0,10.42.0.13,62401.0,TCP,54,52432  >  62471 [ACK] Seq=1 Ack=163 Win=5678 Len=0,0.213089
2068,1136178.589394,10.42.0.49,5353.0,10.42.0.13,5353.0,MDNS,174,"Standard query response 0x0000 TXT MSS210-9f39._hap._tcp.local, ""QU"" question TXT",0.010276
2069,1170360.066831,10.42.0.49,5353.0,10.42.0.13,5353.0,MDNS,174,"Standard query response 0x0000 TXT MSS210-9f39._hap._tcp.local, ""QU"" question TXT",0.001126
2070,1170542.678158,10.42.0.49,52432.0,10.42.0.13,50631.0,TCP,54,52432  >  50614 [ACK] Seq=1781 Ack=497 Win=5344 Len=0,0.000562
2071,1136739.095264,10.42.0.13,50412.0,10.42.0.49,52432.0,TCP,54,50404  >  52432 [ACK] Seq=163 Ack=221 Win=65535 Len=0,0.003653
2072,1142439.670856,10.42.0.49,52432.0,10.42.0.13,50405.0,TCP,54,"52432  >  50548 [FIN, ACK] Seq=1781 Ack=497 Win=5344 Len=0",0.007765
2073,1170389.960117,10.42.0.49,52432.0,10.42.0.13,50755.0,HTTP,135,HTTP/1.1 200 OK  (application/pairing+tlv8),0.041344
2074,351007.19785,10.42.0.13,51365.0,10.42.0.28,80.0,TCP,54,51353  >  80 [ACK] Seq=1 Ack=1 Win=65535 Len=0,0.00105
2075,1170540.459949,10.42.0.49,5353.0,10.42.0.13,5353.0,MDNS,174,"Standard query response 0x0000 TXT MSS210-9f39._hap._tcp.local, ""QU"" question TXT",0.000855
2076,1141421.413949,10.42.0.49,52432.0,10.42.0.13,50492.0,TCP,54,52432  >  50492 [ACK] Seq=1 Ack=163 Win=5678 Len=0,0.002184
2077,351019.021317,10.42.0.13,51387.0,10.42.0.28,80.0,TCP,54,51341  >  80 [ACK] Seq=1 Ack=1 Win=65535 Len=0,0.000106
2078,1171394.051621,10.42.0.49,5353.0,10.42.0.13,5353.0,MDNS,174,"Standard query response 0x0000 TXT MSS210-9f39._hap._tcp.local, ""QU"" question TXT",0.005353
2079,1166307.660352,10.42.0.49,61395.0,99.81.71.200,443.0,TLSv1.2,555,Application Data,0.006814
2080,1182027.46726,10.42.0.13,59128.0,10.42.0.49,52432.0,TCP,54,58272  >  52432 [ACK] Seq=497 Ack=1782 Win=65535 Len=0,0.000117
2081,1178003.60693,10.42.0.13,5353.0,10.42.0.49,5353.0,MDNS,87,"Standard query 0x0000 TXT MSS210-9f39._hap._tcp.local, ""QU"" question",0.000235
2082,1152963.680311,10.42.0.49,61395.0,99.81.71.200,443.0,TCP,54,61395  >  443 [ACK] Seq=21196 Ack=2797 Win=5770 Len=0,0.199248
2083,316193.053327,10.42.0.49,5353.0,10.42.0.13,5353.0,MDNS,174,"Standard query response 0x0000 TXT MSS210-9f39._hap._tcp.local, ""QU"" question TXT",0.002453
2084,238904.411988,10.42.0.13,59684.0,10.42.0.49,52432.0,TCP,54,59484  >  52432 [ACK] Seq=496 Ack=1344 Win=65535 Len=0,0.004969
2085,1176739.415734,10.42.0.13,50852.0,10.42.0.49,52432.0,TCP,54,50859  >  52432 [ACK] Seq=414 Ack=302 Win=65535 Len=0,0.000117
2086,411001.616927,10.42.0.13,5353.0,10.42.0.49,5353.0,MDNS,87,"Standard query 0x0000 TXT MSS210-9f39._hap._tcp.local, ""QU"" question",0.000027
2087,249465.440177,10.42.0.13,5353.0,10.42.0.49,5353.0,MDNS,87,"Standard query 0x0000 TXT MSS210-9f39._hap._tcp.local, ""QU"" question",0.000535
2088,1161453.558572,10.42.0.49,52432.0,10.42.0.13,50596.0,HTTP,1096,Continuation,0.006415
2089,1158387.554296,10.42.0.13,50599.0,10.42.0.49,52432.0,TCP,54,50559  >  52432 [ACK] Seq=496 Ack=1344 Win=65535 Len=0,0.003358
2090,321989.786779,10.42.0.49,5353.0,10.42.0.13,5353.0,MDNS,174,"Standard query response 0x0000 TXT MSS210-9f39._hap._tcp.local, ""QU"" question TXT",0.000119
2091,418617.827792,10.42.0.49,5353.0,10.42.0.13,5353.0,MDNS,270,"Standard query response 0x0000 PTR _hap._tcp.local, ""QU"" question PTR MSS210-9f39._hap._tcp.local SRV 0 0 52432 Meross_Smart_Plug",
2092,1178006.694345,10.42.0.49,5353.0,224.0.0.251,5353.0,MDNS,305,"Standard query response 0x0000 PTR MSS210-9f39._hap._tcp.local SRV, cache flush 0 0 52432 Meross_Smart_Plug.local TXT, cache flush A",
2093,238903.42796,10.42.0.49,5353.0,10.42.0.13,5353.0,MDNS,174,"Standard query response 0x0000 TXT MSS210-9f39._hap._tcp.local, ""QU"" question TXT",0.002998
2094,1170355.658093,10.42.0.49,61395.0,99.81.71.200,443.0,TLSv1.2,539,Application Data,0.133686
2095,410997.14732,10.42.0.13,62480.0,10.42.0.49,52432.0,TCP,54,62484  >  52432 [ACK] Seq=496 Ack=1781 Win=65535 Len=0,0.001573
2096,1174777.230865,10.42.0.49,52432.0,10.42.0.13,50852.0,TCP,54,52432  >  50883 [ACK] Seq=1781 Ack=497 Win=5344 Len=0,0.000139
2097,1182027.689773,10.42.0.49,61395.0,99.81.71.200,443.0,TCP,54,61395  >  443 [ACK] Seq=110727 Ack=19788 Win=4520 Len=0,0.102288
2098,351024.619499,10.42.0.13,51387.0,10.42.0.28,80.0,TCP,54,51394  >  80 [ACK] Seq=515 Ack=104 Win=65535 Len=0,0.000105
2099,1132277.905491,10.42.0.49,52432.0,10.42.0.13,50331.0,TCP,54,52432  >  50310 [ACK] Seq=1781 Ack=497 Win=5344 Len=0,0.000116
2100,1139493.643714,10.42.0.49,52432.0,10.42.0.13,50395.0,HTTP,1096,Continuation,0.006714
2101,1166723.994979,10.42.0.49,52432.0,10.42.0.13,50854.0,HTTP,1096,Continuation,0.009671
2102,351019.679117,10.42.0.28,80.0,10.42.0.13,51368.0,TCP,58,"80  >  51383 [SYN, ACK] Seq=0 Ack=1 Win=2920 Len=0 MSS=1460",0.000117
2103,1171329.025213,10.42.0.49,5353.0,10.42.0.13,5353.0,MDNS,174,"Standard query response 0x0000 TXT MSS210-9f39._hap._tcp.local, ""QU"" question TXT",0.008283
2104,405045.502525,10.42.0.28,80.0,10.42.0.13,51409.0,TCP,58,"80  >  51429 [SYN, ACK] Seq=0 Ack=1 Win=2920 Len=0 MSS=1460",0.000105
2105,418617.883284,10.42.0.49,61389.0,54.216.1.110,443.0,TCP,54,61389  >  443 [ACK] Seq=19891 Ack=51124 Win=5249 Len=0,0.114433
2106,1181937.078427,10.42.0.49,5353.0,10.42.0.13,5353.0,MDNS,174,"Standard query response 0x0000 TXT MSS210-9f39._hap._tcp.local, ""QU"" question TXT",0.001127
2107,319328.585982,10.42.0.13,60874.0,10.42.0.49,52432.0,TCP,54,60874  >  52432 [ACK] Seq=496 Ack=1344 Win=65535 Len=0,0.004658
2108,1176396.93534,10.42.0.49,52432.0,10.42.0.13,50382.0,HTTP,1096,Continuation,0.006828
2109,351015.457785,10.42.0.13,51353.0,10.42.0.28,80.0,TCP,54,51353  >  80 [ACK] Seq=483 Ack=199 Win=65535 Len=0,0.000107
2110,351015.133735,10.42.0.28,80.0,10.42.0.13,51363.0,TCP,54,80  >  51363 [ACK] Seq=1 Ack=515 Win=2406 Len=0,0.000107
2111,1162346.602626,10.42.0.49,61395.0,99.81.71.200,443.0,TLSv1.2,539,Application Data,0.023232
2112,1182027.759988,10.42.0.49,52432.0,10.42.0.13,50995.0,TCP,54,[TCP Keep-Alive ACK] 52432  >  50959 [ACK] Seq=1781 Ack=496 Win=5345 Len=0,0.00
2113,1132277.752121,10.42.0.13,50329.0,10.42.0.49,52432.0,TCP,54,50324  >  52432 [ACK] Seq=1 Ack=1 Win=65535 Len=0,0.003686
2114,405061.267945,10.42.0.13,51481.0,10.42.0.28,80.0,TCP,54,51498  >  80 [ACK] Seq=515 Ack=104 Win=65535 Len=0,0.000105
2115,256346.407112,10.42.0.13,59817.0,10.42.0.49,52432.0,TCP,54,59817  >  52432 [ACK] Seq=497 Ack=1782 Win=65535 Len=0,0.004112
2116,355631.107178,10.42.0.49,52432.0,10.42.0.13,61883.0,HTTP,135,HTTP/1.1 200 OK  (application/pairing+tlv8),0.044949
2117,1178003.587754,10.42.0.49,52432.0,10.42.0.13,50894.0,TCP,54,52432  >  50857 [ACK] Seq=1 Ack=163 Win=5678 Len=0,0.004823
2118,1153838.393358,10.42.0.49,61395.0,99.81.71.200,443.0,TLSv1.2,539,Application Data,0.128098
2119,1157126.08853,10.42.0.49,52432.0,10.42.0.13,50681.0,TCP,54,52432  >  50833 [ACK] Seq=1781 Ack=497 Win=5344 Len=0,0.002324
2120,1132277.964079,10.42.0.49,61395.0,99.81.71.200,443.0,TCP,54,61395  >  443 [ACK] Seq=34977 Ack=17979 Win=5202 Len=0,0.234807
2121,324132.538758,10.42.0.13,60965.0,10.42.0.49,52432.0,TCP,54,60959  >  52432 [ACK] Seq=496 Ack=1344 Win=65535 Len=0,0.001145
2122,373220.590566,10.42.0.49,5353.0,10.42.0.13,5353.0,MDNS,174,"Standard query response 0x0000 TXT MSS210-9f39._hap._tcp.local, ""QU"" question TXT",0.001254
2123,240274.570836,10.42.0.49,52432.0,10.42.0.13,59483.0,HTTP,135,HTTP/1.1 200 OK  (application/pairing+tlv8),0.041664
2124,1156278.940363,10.42.0.49,5353.0,10.42.0.13,5353.0,MDNS,174,"Standard query response 0x0000 TXT MSS210-9f39._hap._tcp.local, ""QU"" question TXT",0.000235
2125,1138202.567633,10.42.0.49,61395.0,99.81.71.200,443.0,TCP,54,61395  >  443 [ACK] Seq=21196 Ack=319067 Win=5840 Len=0,0.213219
2126,1132277.466426,10.42.0.13,50405.0,10.42.0.49,52432.0,TCP,54,50405  >  52432 [ACK] Seq=496 Ack=1344 Win=65535 Len=0,0.003524
2127,350454.813088,10.42.0.13,61720.0,10.42.0.49,52432.0,TCP,54,61859  >  52432 [ACK] Seq=1 Ack=1 Win=65535 Len=0,0.000104
2128,1132277.710333,10.42.0.49,61395.0,99.81.71.200,443.0,TLSv1.2,539,Application Data,0.13853
2129,1155550.580066,10.42.0.13,50575.0,10.42.0.49,52432.0,TCP,54,50555  >  52432 [ACK] Seq=496 Ack=1781 Win=65535 Len=0,0.000105
2130,1156060.589396,10.42.0.49,5353.0,10.42.0.13,5353.0,MDNS,174,"Standard query response 0x0000 TXT MSS210-9f39._hap._tcp.local, ""QU"" question TXT",0.000253
2131,1153828.065258,10.42.0.49,61395.0,99.81.71.200,443.0,TCP,54,61395  >  443 [ACK] Seq=110928 Ack=14388 Win=5840 Len=0,0.197733
2132,351019.69349,10.42.0.13,51387.0,10.42.0.28,80.0,TCP,54,51393  >  80 [ACK] Seq=1 Ack=1 Win=65535 Len=0,0.001043
2133,321984.533122,10.42.0.28,80.0,10.42.0.13,50349.0,TCP,54,80  >  50303 [ACK] Seq=1 Ack=514 Win=2406 Len=0,0.002234
2134,1161036.226531,10.42.0.49,52432.0,10.42.0.13,50618.0,TCP,54,52432  >  50602 [ACK] Seq=1781 Ack=497 Win=5344 Len=0,0.000288
2135,3741.06797,10.42.0.28,58270.0,52.212.130.239,443.0,TLSv1.2,123,Application Data,0.008547
2136,316193.799964,10.42.0.49,52432.0,10.42.0.13,60878.0,TCP,54,52432  >  61995 [ACK] Seq=1781 Ack=497 Win=5344 Len=0,0.001792
2137,316032.418659,10.42.0.13,59495.0,10.42.0.28,80.0,TCP,54,59495  >  80 [ACK] Seq=1 Ack=1 Win=65535 Len=0,0.000105
2138,405043.68892,10.42.0.49,52432.0,10.42.0.13,62362.0,TCP,54,[TCP Keep-Alive ACK] 52432  >  62483 [ACK] Seq=1781 Ack=496 Win=5345 Len=0,0.0001
2139,351024.878121,10.42.0.13,51383.0,10.42.0.28,80.0,TCP,54,51341  >  80 [ACK] Seq=483 Ack=103 Win=65535 Len=0,0.000111
2140,1141325.323689,10.42.0.49,5353.0,10.42.0.13,5353.0,MDNS,174,"Standard query response 0x0000 TXT MSS210-9f39._hap._tcp.local, ""QU"" question TXT",0.005522
2141,1166309.230855,10.42.0.13,50633.0,10.42.0.49,52432.0,TCP,54,50535  >  52432 [ACK] Seq=163 Ack=221 Win=65535 Len=0,0.001599
2142,255901.619857,10.42.0.13,52743.0,10.42.0.28,80.0,TCP,54,52749  >  80 [ACK] Seq=482 Ack=102 Win=65535 Len=0,0.000104
2143,1132277.123394,10.42.0.49,61395.0,99.81.71.200,443.0,TCP,54,61395  >  443 [ACK] Seq=112146 Ack=6697 Win=5840 Len=0,0.266976
2144,355633.065448,10.42.0.49,5353.0,10.42.0.13,5353.0,MDNS,174,"Standard query response 0x0000 TXT MSS210-9f39._hap._tcp.local, ""QU"" question TXT",0.007859
2145,316032.549988,10.42.0.28,55988.0,34.241.185.170,443.0,TLSv1.2,123,Application Data,0.001555
2146,324132.421015,10.42.0.13,50387.0,10.42.0.28,80.0,TCP,54,50384  >  80 [ACK] Seq=483 Ack=103 Win=65535 Len=0,0.000117
2147,1151421.06499,10.42.0.49,52432.0,10.42.0.13,50524.0,TCP,54,52432  >  50554 [ACK] Seq=1 Ack=163 Win=5678 Len=0,0.003214
2148,1176379.555823,10.42.0.49,61395.0,99.81.71.200,443.0,TCP,54,61395  >  443 [ACK] Seq=30757 Ack=11888 Win=5249 Len=0,0.005383
2149,366830.413837,10.42.0.49,61388.0,54.216.1.110,443.0,TCP,54,61388  >  443 [ACK] Seq=12306 Ack=11180 Win=5840 Len=0,0.206919
2150,405043.480025,10.42.0.13,51426.0,10.42.0.28,80.0,TCP,54,51414  >  80 [ACK] Seq=515 Ack=104 Win=65535 Len=0,0.000105
2151,351007.615218,10.42.0.13,51365.0,10.42.0.28,80.0,TCP,54,51359  >  80 [ACK] Seq=1 Ack=1 Win=65535 Len=0,0.000104
2152,1132277.883066,10.42.0.13,50313.0,10.42.0.49,52432.0,TCP,54,50323  >  52432 [ACK] Seq=496 Ack=1781 Win=65535 Len=0,0.001023
2153,324132.467077,10.42.0.49,5353.0,10.42.0.13,5353.0,MDNS,174,"Standard query response 0x0000 TXT MSS210-9f39._hap._tcp.local, ""QU"" question TXT",0.000269
2154,361563.627372,10.42.0.49,52432.0,10.42.0.13,61993.0,HTTP,1096,Continuation,0.006815
2155,427092.564591,10.42.0.13,62892.0,10.42.0.49,52432.0,TCP,54,62592  >  52432 [ACK] Seq=1 Ack=1 Win=65535 Len=0,0.000114
2156,1178006.92663,10.42.0.49,61395.0,99.81.71.200,443.0,TLSv1.2,539,Application Data,0.153585
2157,1132277.40605,10.42.0.49,52432.0,10.42.0.13,50363.0,TCP,54,52432  >  50362 [ACK] Seq=1 Ack=163 Win=5678 Len=0,0.203275
2158,1182027.876164,10.42.0.13,50993.0,10.42.0.49,52432.0,TCP,54,50948  >  52432 [ACK] Seq=496 Ack=1781 Win=65535 Len=0,0.001182
2159,1150907.051745,10.42.0.49,52432.0,10.42.0.13,50555.0,TCP,58,"52432  >  50565 [SYN, ACK] Seq=0 Ack=1 Win=5840 Len=0 MSS=1460",0.00011
2160,350431.114914,10.42.0.13,51496.0,10.42.0.28,80.0,TCP,54,51394  >  80 [ACK] Seq=515 Ack=104 Win=65535 Len=0,0.000127
2161,1137128.166454,10.42.0.49,61395.0,99.81.71.200,443.0,TCP,54,61395  >  443 [ACK] Seq=21507 Ack=100737 Win=4520 Len=0,0.127525
2162,360314.049836,10.42.0.49,5353.0,10.42.0.13,5353.0,MDNS,174,"Standard query response 0x0000 TXT MSS210-9f39._hap._tcp.local, ""QU"" question TXT",0.007887
2163,1154787.988186,10.42.0.13,50594.0,10.42.0.49,52432.0,TCP,54,50548  >  52432 [ACK] Seq=163 Ack=221 Win=65535 Len=0,0.003994
2164,1174947.293032,10.42.0.49,52432.0,10.42.0.13,50491.0,HTTP,135,HTTP/1.1 200 OK  (application/pairing+tlv8),0.044561
2165,1182038.806594,10.42.0.49,52432.0,10.42.0.13,50975.0,TCP,54,52432  >  50536 [ACK] Seq=1781 Ack=497 Win=5344 Len=0,0.000119
2166,1132277.507571,10.42.0.49,61395.0,99.81.71.200,443.0,TCP,54,61395  >  443 [ACK] Seq=128177 Ack=14978 Win=5840 Len=0,0.067276
2167,1166823.127494,10.42.0.49,61395.0,99.81.71.200,443.0,TLSv1.2,539,Application Data,0.126554
2168,1156070.606477,10.42.0.49,61395.0,99.81.71.200,443.0,TLSv1.2,555,Application Data,0.110048
2169,320015.957973,10.42.0.13,59687.0,10.42.0.28,80.0,TCP,54,59695  >  80 [ACK] Seq=1 Ack=1 Win=65535 Len=0,0.000105
2170,251263.437065,10.42.0.49,5353.0,10.42.0.13,5353.0,MDNS,174,"Standard query response 0x0000 TXT MSS210-9f39._hap._tcp.local, ""QU"" question TXT",0.009027
2171,350431.905496,10.42.0.28,80.0,10.42.0.13,51389.0,TCP,58,"80  >  51359 [SYN, ACK] Seq=0 Ack=1 Win=2920 Len=0 MSS=1460",0.001056
2172,375924.75333,10.42.0.49,5353.0,10.42.0.13,5353.0,MDNS,174,"Standard query response 0x0000 TXT MSS210-9f39._hap._tcp.local, ""QU"" question TXT",0.000954
2173,351064.041517,10.42.0.13,51353.0,10.42.0.28,80.0,TCP,54,51341  >  80 [ACK] Seq=1 Ack=1 Win=65535 Len=0,0.000483
2174,1146232.232683,10.42.0.49,5353.0,10.42.0.13,5353.0,MDNS,174,"Standard query response 0x0000 TXT MSS210-9f39._hap._tcp.local, ""QU"" question TXT",0.005847
2175,1152784.680331,10.42.0.13,50552.0,10.42.0.49,52432.0,TCP,54,50555  >  52432 [ACK] Seq=496 Ack=1781 Win=65535 Len=0,0.007324
2176,238903.404075,10.42.0.49,52432.0,10.42.0.13,59484.0,TCP,54,52432  >  59470 [ACK] Seq=1781 Ack=497 Win=5344 Len=0,0.002087
2177,1156939.656578,10.42.0.49,61395.0,99.81.71.200,443.0,TLSv1.2,555,Application Data,0.107895
2178,1166749.22081,10.42.0.49,52432.0,10.42.0.13,50705.0,TCP,54,52432  >  50750 [ACK] Seq=1781 Ack=497 Win=5344 Len=0,0.000105
2179,1170942.574875,10.42.0.49,52432.0,10.42.0.13,50894.0,TCP,54,52432  >  50855 [ACK] Seq=1781 Ack=497 Win=5344 Len=0,0.000246
2180,1182031.534368,10.42.0.49,5353.0,10.42.0.13,5353.0,MDNS,174,"Standard query response 0x0000 TXT MSS210-9f39._hap._tcp.local, ""QU"" question TXT",0.009046
2181,1167035.696373,10.42.0.49,52432.0,10.42.0.13,50708.0,HTTP,1096,Continuation,0.006535
2182,353509.711926,10.42.0.49,5353.0,10.42.0.13,5353.0,MDNS,174,"Standard query response 0x0000 TXT MSS210-9f39._hap._tcp.local, ""QU"" question TXT",0.007874
2183,1138903.298067,10.42.0.13,50418.0,10.42.0.49,52432.0,TCP,54,50404  >  52432 [ACK] Seq=497 Ack=1782 Win=65535 Len=0,0.003243
2184,1132277.396655,10.42.0.49,5353.0,10.42.0.13,5353.0,MDNS,174,"Standard query response 0x0000 TXT MSS210-9f39._hap._tcp.local, ""QU"" question TXT",0.000453
2185,1132277.715622,10.42.0.13,50324.0,10.42.0.28,80.0,TCP,54,65052  >  80 [ACK] Seq=483 Ack=103 Win=65535 Len=0,0.000107
2186,1166231.803067,10.42.0.49,52432.0,10.42.0.13,50706.0,TCP,54,52432  >  50610 [ACK] Seq=1781 Ack=497 Win=5344 Len=0,0.000133
2187,1165693.257382,10.42.0.49,52432.0,10.42.0.13,50583.0,HTTP,135,HTTP/1.1 200 OK  (application/pairing+tlv8),0.044768
2188,1132277.626813,10.42.0.13,50327.0,10.42.0.49,52432.0,TCP,54,50326  >  52432 [ACK] Seq=496 Ack=1781 Win=65535 Len=0,0.003329
2189,1166820.646972,10.42.0.49,61395.0,99.81.71.200,443.0,TCP,54,61395  >  443 [ACK] Seq=21781 Ack=10799 Win=5202 Len=0,0.119465
2190,1156819.578219,10.42.0.49,61395.0,99.81.71.200,443.0,TLSv1.2,123,Application Data,18.79548
2191,1171379.370892,10.42.0.49,61395.0,99.81.71.200,443.0,TLSv1.2,123,Application Data,13.253898
2192,1149186.417257,10.42.0.49,52432.0,10.42.0.13,50505.0,TCP,58,"52432  >  50505 [SYN, ACK] Seq=0 Ack=1 Win=5840 Len=0 MSS=1460",0.00011
2193,1132277.707033,10.42.0.49,61395.0,99.81.71.200,443.0,TCP,54,61395  >  443 [ACK] Seq=127212 Ack=16766 Win=5711 Len=0,0.217076
2194,1166039.28332,10.42.0.49,52432.0,10.42.0.13,50703.0,TCP,54,52432  >  50532 [ACK] Seq=1 Ack=163 Win=5678 Len=0,0.104533
2195,1170555.877526,10.42.0.49,52432.0,10.42.0.13,50810.0,TCP,54,"52432  >  50508 [FIN, ACK] Seq=1781 Ack=497 Win=5344 Len=0",0.000107
2196,1170327.851778,10.42.0.49,52432.0,10.42.0.13,50897.0,TCP,54,52432  >  50872 [ACK] Seq=1 Ack=163 Win=5678 Len=0,0.004393
2197,1156960.088419,10.42.0.49,5353.0,10.42.0.13,5353.0,MDNS,174,"Standard query response 0x0000 TXT MSS210-9f39._hap._tcp.local, ""QU"" question TXT",0.005363
2198,1178006.146582,10.42.0.49,52432.0,10.42.0.13,50815.0,TCP,54,52432  >  50683 [ACK] Seq=1 Ack=163 Win=5678 Len=0,0.001017
2199,1183789.864827,10.42.0.49,61395.0,99.81.71.200,443.0,TCP,54,61395  >  443 [ACK] Seq=112592 Ack=16199 Win=5111 Len=0,0.217449
2200,320015.387547,10.42.0.13,51347.0,10.42.0.28,80.0,TCP,54,51366  >  80 [ACK] Seq=483 Ack=103 Win=65535 Len=0,0.000109
2201,1174917.566144,10.42.0.13,50528.0,10.42.0.49,52432.0,TCP,54,50599  >  52432 [ACK] Seq=1 Ack=1 Win=65535 Len=0,0.006742
2202,1147693.895452,10.42.0.49,52432.0,10.42.0.13,50554.0,HTTP,274,HTTP/1.1 200 OK  (application/pairing+tlv8),0.211434
2203,1132280.134769,10.42.0.49,61395.0,99.81.71.200,443.0,TLSv1.2,539,Application Data,0.135055
2204,1132277.965433,10.42.0.49,61395.0,99.81.71.200,443.0,TCP,54,61395  >  443 [ACK] Seq=112777 Ack=11820 Win=5702 Len=0,0.115628
2205,1141471.442671,10.42.0.49,52432.0,10.42.0.13,50491.0,HTTP,274,HTTP/1.1 200 OK  (application/pairing+tlv8),0.226876
2206,1161016.116496,10.42.0.49,61395.0,99.81.71.200,443.0,TLSv1.2,555,Application Data,0.093786
2207,1131296.358015,10.42.0.13,50340.0,10.42.0.49,52432.0,TCP,54,50343  >  52432 [ACK] Seq=496 Ack=1781 Win=65535 Len=0,0.003586
2208,1131930.494925,10.42.0.49,5353.0,10.42.0.13,5353.0,MDNS,174,"Standard query response 0x0000 TXT MSS210-9f39._hap._tcp.local, ""QU"" question TXT",0.004488
2209,1152280.410654,10.42.0.49,61395.0,99.81.71.200,443.0,TCP,54,61395  >  443 [ACK] Seq=110127 Ack=1197 Win=5844 Len=0,0.212565
2210,351024.901538,10.42.0.28,80.0,10.42.0.13,51378.0,TCP,54,80  >  51383 [ACK] Seq=1 Ack=483 Win=2438 Len=0,0.002532
2211,240090.87851,10.42.0.49,52432.0,10.42.0.13,59470.0,TCP,54,52432  >  59494 [ACK] Seq=1 Ack=163 Win=5678 Len=0,0.002356
2212,355632.505982,10.42.0.13,61825.0,10.42.0.49,52432.0,TCP,54,61829  >  52432 [ACK] Seq=496 Ack=1781 Win=65535 Len=0,0.001111
2213,351007.052985,10.42.0.49,5353.0,10.42.0.13,5353.0,MDNS,174,"Standard query response 0x0000 TXT MSS210-9f39._hap._tcp.local, ""QU"" question TXT",0.006345
2214,1163255.651431,10.42.0.49,52432.0,10.42.0.13,50506.0,HTTP,135,HTTP/1.1 200 OK  (application/pairing+tlv8),0.044945
2215,1174171.798944,10.42.0.49,52432.0,10.42.0.13,50814.0,TCP,54,52432  >  50532 [ACK] Seq=1 Ack=163 Win=5678 Len=0,0.001145
2216,3741.07398,10.42.0.140,59885.0,10.42.0.28,80.0,TCP,54,59854  >  80 [ACK] Seq=583 Ack=483 Win=65535 Len=0,0.000105
2217,353509.415846,10.42.0.13,61818.0,10.42.0.49,52432.0,TCP,54,61818  >  52432 [ACK] Seq=496 Ack=1344 Win=65535 Len=0,0.003921
2218,1132277.710558,10.42.0.13,50329.0,10.42.0.49,52432.0,TCP,54,50323  >  52432 [ACK] Seq=414 Ack=302 Win=65535 Len=0,0.000115
2219,238297.441577,10.42.0.13,51156.0,10.42.0.28,80.0,TCP,54,51165  >  80 [ACK] Seq=482 Ack=102 Win=65535 Len=0,0.001011
2220,1154273.990736,10.42.0.49,61395.0,99.81.71.200,443.0,TLSv1.2,123,Application Data,3.286084
2221,255906.416925,10.42.0.13,52772.0,10.42.0.28,80.0,TCP,54,52763  >  80 [ACK] Seq=1 Ack=1 Win=65535 Len=0,0.001116
2222,1158387.841047,10.42.0.13,50594.0,10.42.0.49,52432.0,TCP,54,50535  >  52432 [ACK] Seq=496 Ack=1344 Win=65535 Len=0,0.003973
2223,1166806.845219,10.42.0.49,52432.0,10.42.0.13,50949.0,TCP,54,52432  >  50948 [ACK] Seq=1 Ack=163 Win=5678 Len=0,0.12295
2224,255907.457523,10.42.0.13,52747.0,10.42.0.28,80.0,TCP,54,52747  >  80 [ACK] Seq=482 Ack=102 Win=65535 Len=0,0.001016
2225,1136496.70777,10.42.0.49,61395.0,99.81.71.200,443.0,TLSv1.2,539,Application Data,0.007994
2226,420326.88872,10.42.0.49,52432.0,10.42.0.13,62626.0,TCP,54,52432  >  62902 [ACK] Seq=1 Ack=163 Win=5678 Len=0,0.203431
2227,1161711.378323,10.42.0.49,52432.0,10.42.0.13,50703.0,TCP,54,52432  >  50320 [ACK] Seq=1 Ack=163 Win=5678 Len=0,0.003933
2228,422072.614145,10.42.0.49,52432.0,10.42.0.13,62762.0,TCP,54,52432  >  62726 [ACK] Seq=1781 Ack=497 Win=5344 Len=0,0.001779
2229,1158387.77799,10.42.0.49,61395.0,99.81.71.200,443.0,TLSv1.2,539,Application Data,0.100034
2230,351019.323121,10.42.0.28,80.0,10.42.0.13,51363.0,TCP,58,"80  >  51383 [SYN, ACK] Seq=0 Ack=1 Win=2920 Len=0 MSS=1460",0.000118
2231,419217.441313,10.42.0.49,52432.0,10.42.0.13,62489.0,TCP,54,52432  >  62589 [ACK] Seq=1781 Ack=497 Win=5344 Len=0,0.000112
2232,351019.64202,10.42.0.28,80.0,10.42.0.13,51364.0,TCP,54,80  >  51371 [ACK] Seq=1 Ack=514 Win=2406 Len=0,0.000112
2233,1131931.149131,10.42.0.49,5353.0,10.42.0.13,5353.0,MDNS,270,"Standard query response 0x0000 PTR _hap._tcp.local, ""QU"" question PTR MSS210-9f39._hap._tcp.local SRV 0 0 52432 Meross_Smart_Pl",
2234,1141180.171463,10.42.0.49,52432.0,10.42.0.13,50495.0,HTTP,135,HTTP/1.1 200 OK  (application/pairing+tlv8),0.049496
2235,1153458.756725,10.42.0.13,50524.0,10.42.0.49,52432.0,TCP,54,50545  >  52432 [ACK] Seq=414 Ack=302 Win=65535 Len=0,0.000134
2236,1132277.520635,10.42.0.49,61395.0,99.81.71.200,443.0,TLSv1.2,539,Application Data,0.002152
2237,422073.857523,10.42.0.49,61389.0,54.216.1.110,443.0,TLSv1.2,539,Application Data,0.137854
2238,249465.954477,10.42.0.49,52432.0,10.42.0.13,59610.0,HTTP,135,HTTP/1.1 200 OK  (application/pairing+tlv8),0.044567
2239,1141896.803768,10.42.0.49,5353.0,10.42.0.13,5353.0,MDNS,174,"Standard query response 0x0000 TXT MSS210-9f39._hap._tcp.local, ""QU"" question TXT",0.010334
2240,1178006.419479,10.42.0.49,52432.0,10.42.0.13,50878.0,TCP,54,52432  >  50868 [ACK] Seq=1 Ack=163 Win=5678 Len=0,0.002415
2241,1155826.698716,10.42.0.49,61395.0,99.81.71.200,443.0,TLSv1.2,539,Application Data,0.022835
2242,1132277.32561,10.42.0.49,5353.0,10.42.0.13,5353.0,MDNS,174,"Standard query response 0x0000 TXT MSS210-9f39._hap._tcp.local, ""QU"" question TXT",0.000244
2243,351015.612349,10.42.0.13,51384.0,10.42.0.28,80.0,TCP,54,51387  >  80 [ACK] Seq=483 Ack=103 Win=65535 Len=0,0.000109
2244,1141072.423745,10.42.0.13,50534.0,10.42.0.49,52432.0,TCP,54,50547  >  52432 [ACK] Seq=496 Ack=1344 Win=65535 Len=0,0.004439
2245,238907.822652,10.42.0.13,51101.0,10.42.0.28,80.0,TCP,54,51173  >  80 [ACK] Seq=482 Ack=102 Win=65535 Len=0,0.000113
2246,351019.05371,10.42.0.13,51353.0,10.42.0.28,80.0,TCP,54,51350  >  80 [ACK] Seq=1 Ack=1 Win=65535 Len=0,0.000106
2247,1166937.13019,10.42.0.49,52432.0,10.42.0.13,50703.0,TCP,54,52432  >  50310 [ACK] Seq=1781 Ack=497 Win=5344 Len=0,0.002121
2248,1142863.877734,10.42.0.49,52432.0,10.42.0.13,50533.0,HTTP,1096,Continuation,0.006524
2249,1178006.42945,10.42.0.49,5353.0,10.42.0.13,5353.0,MDNS,174,"Standard query response 0x0000 TXT MSS210-9f39._hap._tcp.local, ""QU"" question TXT",0.007763
2250,1137035.570255,10.42.0.13,50408.0,10.42.0.49,52432.0,TCP,54,50550  >  52432 [ACK] Seq=163 Ack=221 Win=65535 Len=0,0.000104
2251,1147874.696026,10.42.0.49,61395.0,99.81.71.200,443.0,TLSv1.2,539,Application Data,0.095836
2252,238901.855981,10.42.0.13,51159.0,10.42.0.28,80.0,TCP,54,51151  >  80 [ACK] Seq=1 Ack=1 Win=65535 Len=0,0.000515
2253,1174785.955987,10.42.0.49,61395.0,99.81.71.200,443.0,TLSv1.2,123,Application Data,0.038085
2254,1178000.489167,10.42.0.49,52432.0,10.42.0.13,50948.0,TCP,54,52432  >  50548 [ACK] Seq=1 Ack=163 Win=5678 Len=0,0.101577
2255,1165693.098789,10.42.0.13,50608.0,10.42.0.49,52432.0,TCP,54,50606  >  52432 [ACK] Seq=496 Ack=1781 Win=65535 Len=0,0.000122
2256,1176692.87892,10.42.0.13,58658.0,10.42.0.49,52432.0,TCP,54,58681  >  52432 [ACK] Seq=497 Ack=1782 Win=65535 Len=0,0.003908
2257,373207.965198,10.42.0.13,59688.0,10.42.0.49,52432.0,TCP,54,59897  >  52432 [ACK] Seq=497 Ack=1782 Win=65535 Len=0,0.000222
2258,1152909.125347,10.42.0.49,61395.0,99.81.71.200,443.0,TLSv1.2,555,Application Data,0.106548
2259,416844.548149,10.42.0.49,61389.0,54.216.1.110,443.0,TLSv1.2,555,Application Data,0.109485
2260,373225.587588,10.42.0.49,5353.0,10.42.0.13,5353.0,MDNS,174,"Standard query response 0x0000 TXT MSS210-9f39._hap._tcp.local, ""QU"" question TXT",0.006865
2261,1174947.63772,10.42.0.49,5353.0,10.42.0.13,5353.0,MDNS,174,"Standard query response 0x0000 TXT MSS210-9f39._hap._tcp.local, ""QU"" question TXT",0.001125
2262,350984.413492,10.42.0.28,55988.0,34.241.185.170,443.0,TCP,54,55988  >  443 [ACK] Seq=36814 Ack=2887 Win=2920 Len=0,0.005923
2263,321278.134471,10.42.0.13,60928.0,10.42.0.49,52432.0,TCP,54,60929  >  52432 [ACK] Seq=496 Ack=1781 Win=65535 Len=0,0.005233
2264,353509.455358,10.42.0.13,51486.0,10.42.0.49,52432.0,TCP,54,59814  >  52432 [ACK] Seq=163 Ack=221 Win=65535 Len=0,0.000459
2265,1132277.377171,10.42.0.13,50327.0,10.42.0.49,52432.0,TCP,54,50723  >  52432 [ACK] Seq=163 Ack=221 Win=65535 Len=0,0.000392
2266,1170510.525288,10.42.0.13,50948.0,10.42.0.49,52432.0,TCP,54,50948  >  52432 [ACK] Seq=496 Ack=1781 Win=65535 Len=0,0.005588
2267,255907.06261,10.42.0.13,52705.0,10.42.0.28,80.0,TCP,54,52727  >  80 [ACK] Seq=482 Ack=103 Win=65535 Len=0,0.000108
2268,1167337.95319,10.42.0.49,52432.0,10.42.0.13,50820.0,HTTP,135,HTTP/1.1 200 OK  (application/pairing+tlv8),0.049814
2269,1164504.41369,10.42.0.49,5353.0,224.0.0.251,5353.0,MDNS,291,"Standard query response 0x0000 TXT, cache flush SRV, cache flush 0 0 52432 Meross_Smart_Plug.local A, cache flush 10.42.0.49 AAAA",
2270,1174218.445133,10.42.0.49,52432.0,10.42.0.13,50496.0,HTTP,135,HTTP/1.1 200 OK  (application/pairing+tlv8),0.049494
2271,1177305.695242,10.42.0.49,52432.0,10.42.0.13,50881.0,HTTP,1096,Continuation,0.006417
2272,1181961.077057,10.42.0.49,5353.0,10.42.0.13,5353.0,MDNS,174,"Standard query response 0x0000 TXT MSS210-9f39._hap._tcp.local, ""QU"" question TXT",0.001276
2273,1160177.44849,10.42.0.13,50705.0,10.42.0.49,52432.0,TCP,54,50724  >  52432 [ACK] Seq=163 Ack=221 Win=65535 Len=0,0.000155
2274,1162464.982173,10.42.0.49,61395.0,99.81.71.200,443.0,TLSv1.2,539,Application Data,0.015088
2275,1174217.622942,10.42.0.49,52432.0,10.42.0.13,50524.0,TCP,54,52432  >  50532 [ACK] Seq=1 Ack=163 Win=5678 Len=0,0.003474
2276,1163392.79898,10.42.0.13,50862.0,10.42.0.49,52432.0,TCP,54,50925  >  52432 [ACK] Seq=497 Ack=1782 Win=65535 Len=0,0.003669
2277,1166030.620013,10.42.0.49,5353.0,10.42.0.13,5353.0,MDNS,174,"Standard query response 0x0000 TXT MSS210-9f39._hap._tcp.local, ""QU"" question TXT",0.000253
2278,255908.427039,10.42.0.13,52749.0,10.42.0.28,80.0,TCP,54,52749  >  80 [ACK] Seq=1 Ack=1 Win=65535 Len=0,0.004799
2279,1181202.414873,10.42.0.49,52432.0,10.42.0.13,50615.0,HTTP,1096,Continuation,0.001345
2280,256837.76521,10.42.0.49,52432.0,10.42.0.13,59827.0,TCP,54,52432  >  59823 [ACK] Seq=1781 Ack=497 Win=5344 Len=0,0.000104
2281,1161249.047454,10.42.0.49,5353.0,10.42.0.13,5353.0,MDNS,174,"Standard query response 0x0000 TXT MSS210-9f39._hap._tcp.local, ""QU"" question TXT",0.010222
2282,324132.23616,10.42.0.13,60928.0,10.42.0.49,52432.0,TCP,54,60926  >  52432 [ACK] Seq=496 Ack=1781 Win=65535 Len=0,0.000969
2283,1158388.54649,10.42.0.49,61395.0,99.81.71.200,443.0,TLSv1.2,123,Application Data,0.101249
2284,1141867.854843,10.42.0.49,52432.0,10.42.0.13,50535.0,TCP,54,52432  >  50505 [ACK] Seq=1 Ack=163 Win=5678 Len=0,0.002677
2285,420692.682651,10.42.0.13,62895.0,10.42.0.49,52432.0,TCP,54,62592  >  52432 [ACK] Seq=497 Ack=1782 Win=65535 Len=0,0.003556
2286,411001.78368,10.42.0.49,52432.0,10.42.0.13,62460.0,TCP,54,52432  >  62471 [ACK] Seq=1 Ack=163 Win=5678 Len=0,0.200277
2287,351024.202322,10.42.0.13,51387.0,10.42.0.28,80.0,TCP,54,51384  >  80 [ACK] Seq=483 Ack=103 Win=65535 Len=0,0.000167
2288,1147617.63546,10.42.0.49,52432.0,10.42.0.13,50505.0,HTTP,135,HTTP/1.1 200 OK  (application/pairing+tlv8),0.046586
2289,1164177.409913,10.42.0.49,52432.0,10.42.0.13,50603.0,TCP,54,52432  >  50361 [ACK] Seq=1 Ack=163 Win=5678 Len=0,0.105325
2290,255908.783645,10.42.0.13,52712.0,10.42.0.28,80.0,TCP,54,52743  >  80 [ACK] Seq=482 Ack=102 Win=65535 Len=0,0.000105
2291,365049.508054,10.42.0.13,61382.0,10.42.0.49,52432.0,TCP,54,61859  >  52432 [ACK] Seq=497 Ack=1782 Win=65535 Len=0,0.003539
2292,1183625.574747,10.42.0.49,52432.0,10.42.0.13,50854.0,TCP,54,52432  >  50538 [ACK] Seq=1781 Ack=497 Win=5344 Len=0,0.001458
2293,1132277.972678,10.42.0.13,65056.0,10.42.0.28,80.0,TCP,54,65050  >  80 [ACK] Seq=483 Ack=103 Win=65535 Len=0,0.002249
2294,1132277.347323,10.42.0.13,50326.0,10.42.0.49,52432.0,TCP,54,50326  >  52432 [ACK] Seq=496 Ack=1781 Win=65535 Len=0,0.000252
2295,1162460.600691,10.42.0.49,61395.0,99.81.71.200,443.0,TLSv1.2,539,Application Data,0.009647
2296,324132.214178,10.42.0.13,50384.0,10.42.0.49,52432.0,TCP,54,59475  >  52432 [ACK] Seq=496 Ack=1344 Win=65535 Len=0,0.003266
2297,351015.394032,10.42.0.28,80.0,10.42.0.13,51387.0,TCP,58,"80  >  51372 [SYN, ACK] Seq=0 Ack=1 Win=2920 Len=0 MSS=1460",0.001317
2298,1178006.834555,10.42.0.13,50968.0,10.42.0.49,52432.0,TCP,54,50559  >  52432 [ACK] Seq=163 Ack=221 Win=65535 Len=0,0.000197
2299,1166733.957013,10.42.0.49,61395.0,99.81.71.200,443.0,TLSv1.2,539,Application Data,0.020891
2300,416844.005463,10.42.0.49,52432.0,10.42.0.13,62554.0,HTTP,135,HTTP/1.1 200 OK  (application/pairing+tlv8),0.044526
2301,1162131.065167,10.42.0.49,61395.0,99.81.71.200,443.0,TLSv1.2,539,Application Data,0.139647
2302,1175193.100311,10.42.0.49,5353.0,10.42.0.13,5353.0,MDNS,174,"Standard query response 0x0000 TXT MSS210-9f39._hap._tcp.local, ""QU"" question TXT",0.000262
2303,350681.410061,10.42.0.28,55988.0,34.241.185.170,443.0,TLSv1.2,123,Application Data,1.833535
2304,351019.69792,10.42.0.13,51387.0,10.42.0.28,80.0,TCP,54,51375  >  80 [ACK] Seq=482 Ack=103 Win=65535 Len=0,0.000129
2305,1149494.451319,10.42.0.49,52432.0,10.42.0.13,50505.0,HTTP,1096,Continuation,0.007403
2306,1145376.494038,10.42.0.49,5353.0,224.0.0.251,5353.0,MDNS,305,"Standard query response 0x0000 PTR MSS210-9f39._hap._tcp.local SRV, cache flush 0 0 52432 Meross_Smart_Plug.local TXT, cache flush A",
2307,420265.803825,10.42.0.13,62604.0,10.42.0.49,52432.0,TCP,54,62602  >  52432 [ACK] Seq=496 Ack=1781 Win=65535 Len=0,0.003817
2308,1153829.36313,10.42.0.49,52432.0,10.42.0.13,50404.0,HTTP,1096,Continuation,0.006839
2309,351001.658765,10.42.0.28,80.0,10.42.0.13,51364.0,TCP,54,80  >  51383 [ACK] Seq=1 Ack=514 Win=2406 Len=0,0.002187
2310,1157838.943929,10.42.0.13,50596.0,10.42.0.49,52432.0,TCP,54,50590  >  52432 [ACK] Seq=163 Ack=221 Win=65535 Len=0,0.000117
2311,351024.90229,10.42.0.13,51368.0,10.42.0.28,80.0,TCP,54,51349  >  80 [ACK] Seq=1 Ack=1 Win=65535 Len=0,0.000104
2312,351002.009394,10.42.0.13,51341.0,10.42.0.28,80.0,TCP,54,51383  >  80 [ACK] Seq=1 Ack=1 Win=65535 Len=0,0.000105
2313,1171368.033468,10.42.0.49,5353.0,10.42.0.13,5353.0,MDNS,174,"Standard query response 0x0000 TXT MSS210-9f39._hap._tcp.local, ""QU"" question TXT",0.008597
2314,1170355.948093,10.42.0.49,5353.0,224.0.0.251,5353.0,MDNS,305,"Standard query response 0x0000 PTR MSS210-9f39._hap._tcp.local SRV, cache flush 0 0 52432 Meross_Smart_Plug.local TXT, cache flush A",
2315,1163910.640425,10.42.0.49,61395.0,99.81.71.200,443.0,TLSv1.2,539,Application Data,0.135843
2316,422073.087888,10.42.0.49,52432.0,10.42.0.13,62903.0,TCP,54,52432  >  62022 [ACK] Seq=1 Ack=163 Win=5678 Len=0,0.122969
2317,1166730.097894,10.42.0.49,5353.0,10.42.0.13,5353.0,MDNS,174,"Standard query response 0x0000 TXT MSS210-9f39._hap._tcp.local, ""QU"" question TXT",0.000711
2318,255906.205976,10.42.0.13,52732.0,10.42.0.28,80.0,TCP,54,52752  >  80 [ACK] Seq=482 Ack=103 Win=65535 Len=0,0.000129
2319,1144780.960839,10.42.0.49,5353.0,10.42.0.13,5353.0,MDNS,270,"Standard query response 0x0000 PTR _hap._tcp.local, ""QU"" question PTR MSS210-9f39._hap._tcp.local SRV 0 0 52432 Meross_Smart_Pl",
2320,1132277.278362,10.42.0.13,50329.0,10.42.0.28,80.0,TCP,54,50342  >  80 [ACK] Seq=483 Ack=103 Win=65535 Len=0,0.002463
2321,250226.178554,10.42.0.13,59806.0,10.42.0.49,52432.0,TCP,54,59808  >  52432 [ACK] Seq=496 Ack=1781 Win=65535 Len=0,0.001538
2322,1141833.481437,10.42.0.49,52432.0,10.42.0.13,50494.0,TCP,54,52432  >  50494 [ACK] Seq=1 Ack=163 Win=5678 Len=0,0.002562
2323,233224.028667,10.42.0.13,50777.0,10.42.0.28,80.0,TCP,54,50777  >  80 [ACK] Seq=482 Ack=103 Win=65535 Len=0,0.000111
2324,1171254.383821,10.42.0.49,5353.0,10.42.0.13,5353.0,MDNS,174,"Standard query response 0x0000 TXT MSS210-9f39._hap._tcp.local, ""QU"" question TXT",0.004553
2325,1141836.022661,10.42.0.49,52432.0,10.42.0.13,50549.0,HTTP,135,HTTP/1.1 200 OK  (application/pairing+tlv8),0.046865
2326,1141892.814117,10.42.0.49,52432.0,10.42.0.13,50552.0,TCP,54,52432  >  50491 [ACK] Seq=1 Ack=163 Win=5678 Len=0,0.001026
2327,320369.800994,10.42.0.13,61717.0,10.42.0.49,52432.0,TCP,54,61707  >  52432 [ACK] Seq=497 Ack=1782 Win=65535 Len=0,0.001139
2328,1152606.785571,10.42.0.13,50556.0,10.42.0.49,52432.0,TCP,54,50552  >  52432 [ACK] Seq=414 Ack=302 Win=65535 Len=0,0.000108
2329,351015.57131,10.42.0.13,51353.0,10.42.0.28,80.0,TCP,54,51353  >  80 [ACK] Seq=1 Ack=1 Win=65535 Len=0,0.000105
2330,248731.578485,10.42.0.49,52432.0,10.42.0.13,59487.0,TCP,54,52432  >  59477 [ACK] Seq=1781 Ack=497 Win=5344 Len=0,0.003225
2331,1183202.104116,10.42.0.13,5353.0,10.42.0.49,5353.0,MDNS,87,"Standard query 0x0000 TXT MSS210-9f39._hap._tcp.local, ""QU"" question",0.04245
2332,1174209.280764,10.42.0.13,50818.0,10.42.0.49,52432.0,TCP,54,50827  >  52432 [ACK] Seq=496 Ack=1344 Win=65535 Len=0,0.005879
2333,1143426.036339,10.42.0.49,52432.0,10.42.0.13,50326.0,TCP,54,52432  >  50364 [ACK] Seq=1 Ack=163 Win=5678 Len=0,0.124057
2334,1148620.920479,10.42.0.49,52432.0,10.42.0.13,50491.0,TCP,54,52432  >  50949 [ACK] Seq=1 Ack=163 Win=5678 Len=0,0.100269
2335,1163933.07846,10.42.0.49,61395.0,99.81.71.200,443.0,TLSv1.2,539,Application Data,0.124461
2336,351019.654289,10.42.0.49,52432.0,10.42.0.13,61881.0,HTTP,1096,Continuation,0.006829
2337,1170555.708692,10.42.0.49,52432.0,10.42.0.13,50755.0,TCP,54,52432  >  50556 [ACK] Seq=1781 Ack=497 Win=5344 Len=0,0.000186
2338,1158388.241799,10.42.0.49,61395.0,99.81.71.200,443.0,TLSv1.2,123,Application Data,11.60876
2339,1149401.418677,10.42.0.49,52432.0,10.42.0.13,50494.0,TCP,54,52432  >  50504 [ACK] Seq=1 Ack=163 Win=5678 Len=0,0.126497
2340,1176447.81729,10.42.0.49,52432.0,10.42.0.13,50830.0,HTTP,491,Continuation,0.004682
2341,351019.926339,10.42.0.13,51387.0,10.42.0.28,80.0,TCP,54,51389  >  80 [ACK] Seq=1 Ack=1 Win=65535 Len=0,0.000115
2342,1150910.417994,10.42.0.49,61395.0,99.81.71.200,443.0,TLSv1.2,555,Application Data,0.108913
2343,1141426.705657,10.42.0.49,61395.0,99.81.71.200,443.0,TCP,54,61395  >  443 [ACK] Seq=25214 Ack=306777 Win=5840 Len=0,0.125243
2344,1132277.963417,10.42.0.49,61395.0,99.81.71.200,443.0,TLSv1.2,539,Application Data,0.139919
2345,1155555.06182,10.42.0.49,52432.0,10.42.0.13,50575.0,TCP,54,52432  >  50514 [ACK] Seq=1781 Ack=497 Win=5344 Len=0,0.003576
2346,1145900.645698,10.42.0.49,61395.0,99.81.71.200,443.0,TLSv1.2,539,Application Data,0.10013
2347,1178000.470466,10.42.0.49,5353.0,10.42.0.13,5353.0,MDNS,174,"Standard query response 0x0000 TXT MSS210-9f39._hap._tcp.local, ""QU"" question TXT",0.00135
2348,1170360.417857,10.42.0.49,52432.0,10.42.0.13,50894.0,TCP,54,52432  >  50832 [ACK] Seq=1781 Ack=497 Win=5344 Len=0,0.000183
2349,1183202.677256,10.42.0.13,50755.0,10.42.0.49,52432.0,TCP,54,50552  >  52432 [ACK] Seq=496 Ack=1344 Win=65535 Len=0,0.003504
2350,350982.419459,10.42.0.13,51387.0,10.42.0.28,80.0,TCP,54,51398  >  80 [ACK] Seq=1 Ack=1 Win=65535 Len=0,0.001015
2351,320368.850023,10.42.0.49,61387.0,54.216.1.110,443.0,TCP,54,61387  >  443 [ACK] Seq=17777 Ack=107009 Win=5840 Len=0,0.200879
2352,1166231.972823,10.42.0.49,52432.0,10.42.0.13,50705.0,TCP,54,52432  >  50850 [ACK] Seq=1781 Ack=497 Win=5344 Len=0,0.004372
2353,1176188.051826,10.42.0.49,61395.0,99.81.71.200,443.0,TLSv1.2,123,Application Data,13.826619
2354,1171118.096629,10.42.0.49,52432.0,10.42.0.13,50768.0,TCP,54,52432  >  50850 [ACK] Seq=1781 Ack=497 Win=5344 Len=0,0.004745
2355,362336.61526,10.42.0.49,52432.0,10.42.0.13,61938.0,TCP,54,52432  >  61936 [ACK] Seq=1 Ack=163 Win=5678 Len=0,0.004696
2356,351024.439699,10.42.0.13,51381.0,10.42.0.28,80.0,TCP,54,51386  >  80 [ACK] Seq=483 Ack=103 Win=65535 Len=0,0.000119
2357,1171129.121953,10.42.0.49,52432.0,10.42.0.13,50320.0,TCP,54,52432  >  50532 [ACK] Seq=1 Ack=163 Win=5678 Len=0,0.004117
2358,1162078.650095,10.42.0.49,61395.0,99.81.71.200,443.0,TLSv1.2,539,Application Data,0.000141
2359,1155829.705138,10.42.0.49,61395.0,99.81.71.200,443.0,TCP,54,61395  >  443 [ACK] Seq=27635 Ack=21549 Win=4584 Len=0,0.103248
2360,351019.651216,10.42.0.28,80.0,10.42.0.13,51380.0,TCP,58,"80  >  51366 [SYN, ACK] Seq=0 Ack=1 Win=2920 Len=0 MSS=1460",0.001012
2361,351024.800935,10.42.0.13,51387.0,10.42.0.28,80.0,TCP,54,51385  >  80 [ACK] Seq=482 Ack=103 Win=65535 Len=0,0.000105
2362,360148.83824,10.42.0.49,5353.0,10.42.0.13,5353.0,MDNS,174,"Standard query response 0x0000 TXT MSS210-9f39._hap._tcp.local, ""QU"" question TXT",0.004588
2363,1132277.403146,10.42.0.49,61395.0,99.81.71.200,443.0,TCP,54,61395  >  443 [ACK] Seq=10356 Ack=221217 Win=4520 Len=0,0.157499
2364,1181128.896835,10.42.0.49,52432.0,10.42.0.13,50995.0,TCP,54,52432  >  50535 [ACK] Seq=1 Ack=163 Win=5678 Len=0,0.001866
2365,1174179.888892,10.42.0.49,52432.0,10.42.0.13,50881.0,TCP,54,52432  >  50850 [ACK] Seq=1781 Ack=497 Win=5344 Len=0,0.000165
2366,1175118.323492,10.42.0.49,52432.0,10.42.0.13,50491.0,TCP,54,52432  >  50494 [ACK] Seq=1781 Ack=497 Win=5344 Len=0,0.000241
2367,1150962.49117,10.42.0.49,61395.0,99.81.71.200,443.0,TCP,54,61395  >  443 [ACK] Seq=25317 Ack=16597 Win=5702 Len=0,0.265378
2368,1141431.830695,10.42.0.49,52432.0,10.42.0.13,50514.0,TCP,54,"52432  >  50494 [FIN, ACK] Seq=1781 Ack=497 Win=5344 Len=0",0.005812
2369,237703.311177,10.42.0.49,52432.0,10.42.0.13,59389.0,HTTP,1096,Continuation,0.006667
2370,351015.665264,10.42.0.28,80.0,10.42.0.13,51363.0,TCP,54,80  >  51366 [ACK] Seq=1 Ack=482 Win=2439 Len=0,0.000257
2371,1132277.327472,10.42.0.49,61395.0,99.81.71.200,443.0,TLSv1.2,539,Application Data,0.137534
2372,1132277.124256,10.42.0.49,52432.0,10.42.0.13,50320.0,TCP,54,52432  >  50321 [ACK] Seq=1 Ack=163 Win=5678 Len=0,0.275215
2373,1155570.081578,10.42.0.13,50551.0,10.42.0.49,52432.0,TCP,54,50555  >  52432 [ACK] Seq=496 Ack=1344 Win=65535 Len=0,0.003245
2374,1155829.141543,10.42.0.13,50555.0,10.42.0.49,52432.0,TCP,54,50555  >  52432 [ACK] Seq=496 Ack=1781 Win=65535 Len=0,0.000197
2375,1178003.280675,10.42.0.49,52432.0,10.42.0.13,50606.0,TCP,54,52432  >  50860 [ACK] Seq=1 Ack=163 Win=5678 Len=0,0.002577
2376,1149547.479249,10.42.0.49,5353.0,10.42.0.13,5353.0,MDNS,174,"Standard query response 0x0000 TXT MSS210-9f39._hap._tcp.local, ""QU"" question TXT",0.000277
2377,1149418.820349,10.42.0.49,52432.0,10.42.0.13,50494.0,TCP,54,"52432  >  50494 [FIN, ACK] Seq=1781 Ack=497 Win=5344 Len=0",0.008741
2378,255901.210542,10.42.0.13,52743.0,10.42.0.28,80.0,TCP,54,52746  >  80 [ACK] Seq=482 Ack=103 Win=65535 Len=0,0.000167
2379,1175718.402643,10.42.0.49,52432.0,10.42.0.13,50494.0,TCP,54,52432  >  50532 [ACK] Seq=1 Ack=163 Win=5678 Len=0,0.004265
2380,1132277.325794,10.42.0.13,50327.0,10.42.0.28,80.0,TCP,54,50326  >  80 [ACK] Seq=483 Ack=103 Win=65535 Len=0,0.000109
2381,405061.126076,10.42.0.13,51496.0,10.42.0.28,80.0,TCP,54,51465  >  80 [ACK] Seq=1 Ack=1 Win=65535 Len=0,0.002232
2382,1145869.635143,10.42.0.49,61395.0,99.81.71.200,443.0,TLSv1.2,555,Application Data,0.096977
2383,427092.779487,10.42.0.49,61389.0,54.216.1.110,443.0,TCP,54,61389  >  443 [ACK] Seq=12911 Ack=59269 Win=5111 Len=0,0.111952
2384,1182027.789688,10.42.0.13,51065.0,10.42.0.28,80.0,TCP,54,57508  >  80 [ACK] Seq=1 Ack=1 Win=65535 Len=0,0.004322
2385,410997.06912,10.42.0.49,52432.0,10.42.0.13,62401.0,HTTP,135,HTTP/1.1 200 OK  (application/pairing+tlv8),0.044256
2386,1171129.725988,10.42.0.49,52432.0,10.42.0.13,50855.0,TCP,54,[TCP Keep-Alive ACK] 52432  >  50985 [ACK] Seq=1781 Ack=496 Win=5345 Len=0,0.00
2387,1166896.815215,10.42.0.49,52432.0,10.42.0.13,50680.0,HTTP,1096,Continuation,0.006321
2388,1178006.940324,10.42.0.49,5353.0,10.42.0.13,5353.0,MDNS,174,"Standard query response 0x0000 TXT MSS210-9f39._hap._tcp.local, ""QU"" question TXT",0.010639
2389,1156192.057021,10.42.0.49,61395.0,99.81.71.200,443.0,TCP,54,61395  >  443 [ACK] Seq=12277 Ack=149730 Win=5840 Len=0,0.255533
2390,1152631.066793,10.42.0.49,5353.0,224.0.0.251,5353.0,MDNS,305,"Standard query response 0x0000 PTR MSS210-9f39._hap._tcp.local SRV, cache flush 0 0 52432 Meross_Smart_Plug.local TXT, cache flush A",
2391,1165690.64945,10.42.0.49,61395.0,99.81.71.200,443.0,TCP,54,61395  >  443 [ACK] Seq=252190 Ack=157588 Win=5202 Len=0,0.104979
2392,255907.019591,10.42.0.13,52716.0,10.42.0.28,80.0,TCP,54,52712  >  80 [ACK] Seq=482 Ack=103 Win=65535 Len=0,0.000101
2393,1184265.496183,10.42.0.49,61395.0,99.81.71.200,443.0,TCP,54,61395  >  443 [ACK] Seq=21927 Ack=10000 Win=5840 Len=0,0.112972
2394,316033.621997,10.42.0.49,5353.0,10.42.0.13,5353.0,MDNS,174,"Standard query response 0x0000 TXT MSS210-9f39._hap._tcp.local, ""QU"" question TXT",0.000252
2395,241919.699495,10.42.0.49,52432.0,10.42.0.13,59684.0,HTTP,1096,Continuation,0.007967
2396,423008.45265,10.42.0.49,52432.0,10.42.0.13,62902.0,TCP,54,52432  >  62621 [ACK] Seq=1781 Ack=497 Win=5344 Len=0,0.000125
2397,1156069.225275,10.42.0.49,52432.0,10.42.0.13,50578.0,TCP,54,52432  >  50559 [ACK] Seq=1781 Ack=497 Win=5344 Len=0,0.003332
2398,1170558.806858,10.42.0.49,52432.0,10.42.0.13,50555.0,TCP,54,52432  >  50566 [ACK] Seq=1781 Ack=497 Win=5344 Len=0,0.000105
2399,1177455.50009,10.42.0.49,52432.0,10.42.0.13,58255.0,TCP,54,52432  >  50531 [ACK] Seq=1781 Ack=497 Win=5344 Len=0,0.000753
2400,350982.259489,10.42.0.49,52432.0,10.42.0.13,61712.0,TCP,54,52432  >  61878 [ACK] Seq=1 Ack=163 Win=5678 Len=0,0.116585
2401,1149933.83716,10.42.0.49,52432.0,10.42.0.13,50394.0,TCP,54,52432  >  50314 [ACK] Seq=1 Ack=163 Win=5678 Len=0,0.117316
2402,1177664.963035,10.42.0.49,52432.0,10.42.0.13,50856.0,TCP,54,52432  >  50832 [ACK] Seq=1781 Ack=497 Win=5344 Len=0,0.005232
2403,249903.539553,10.42.0.49,52432.0,10.42.0.13,59482.0,HTTP,135,HTTP/1.1 200 OK  (application/pairing+tlv8),0.045275
2404,422073.082946,10.42.0.49,52432.0,10.42.0.13,62762.0,TCP,54,"52432  >  62921 [FIN, ACK] Seq=1781 Ack=497 Win=5344 Len=0",0.001358
2405,1131227.413321,10.42.0.13,50391.0,10.42.0.49,52432.0,TCP,54,50391  >  52432 [ACK] Seq=496 Ack=1781 Win=65535 Len=0,0.005249
2406,1164730.292128,10.42.0.13,50508.0,10.42.0.49,52432.0,TCP,54,50855  >  52432 [ACK] Seq=496 Ack=1344 Win=65535 Len=0,0.003679
2407,1175691.599566,10.42.0.49,52432.0,10.42.0.13,50768.0,HTTP,135,HTTP/1.1 200 OK  (application/pairing+tlv8),0.041578
2408,410997.457891,10.42.0.13,5353.0,10.42.0.49,5353.0,MDNS,87,"Standard query 0x0000 TXT MSS210-9f39._hap._tcp.local, ""QU"" question",0.010949
2409,321277.755458,10.42.0.49,52432.0,10.42.0.13,60982.0,TCP,54,"52432  >  61982 [FIN, ACK] Seq=1781 Ack=497 Win=5344 Len=0",0.008889
2410,405150.520292,10.42.0.13,51492.0,10.42.0.28,80.0,TCP,54,51432  >  80 [ACK] Seq=482 Ack=102 Win=65535 Len=0,0.000157
2411,1177055.858328,10.42.0.49,61395.0,99.81.71.200,443.0,TLSv1.2,539,Application Data,0.091286
2412,1162731.982825,10.42.0.49,5353.0,10.42.0.13,5353.0,MDNS,174,"Standard query response 0x0000 TXT MSS210-9f39._hap._tcp.local, ""QU"" question TXT",0.001025
2413,1177388.652644,10.42.0.49,61395.0,99.81.71.200,443.0,TLSv1.2,539,Application Data,0.022999
2414,1178006.42075,10.42.0.49,61395.0,99.81.71.200,443.0,TLSv1.2,555,Application Data,0.101075
2415,351019.57179,10.42.0.28,80.0,10.42.0.13,51368.0,TCP,58,"80  >  51381 [SYN, ACK] Seq=0 Ack=1 Win=2920 Len=0 MSS=1460",0.000134
2416,1131227.926526,10.42.0.13,50329.0,10.42.0.49,52432.0,TCP,54,50325  >  52432 [ACK] Seq=496 Ack=1781 Win=65535 Len=0,0.003156
2417,1132277.377255,10.42.0.49,61395.0,99.81.71.200,443.0,TLSv1.2,123,Application Data,0.001336
2418,1144279.510826,10.42.0.49,5353.0,10.42.0.13,5353.0,MDNS,174,"Standard query response 0x0000 TXT MSS210-9f39._hap._tcp.local, ""QU"" question TXT",0.005653
2419,351019.535111,10.42.0.13,51353.0,10.42.0.28,80.0,TCP,54,51398  >  80 [ACK] Seq=1 Ack=1 Win=65535 Len=0,0.00105
2420,351019.535866,10.42.0.13,51387.0,10.42.0.28,80.0,TCP,54,51353  >  80 [ACK] Seq=482 Ack=103 Win=65535 Len=0,0.000119
2421,1132276.954464,10.42.0.13,50395.0,10.42.0.49,52432.0,TCP,54,50590  >  52432 [ACK] Seq=497 Ack=1782 Win=65535 Len=0,0.004697
2422,1184174.995326,10.42.0.49,52432.0,10.42.0.13,50496.0,TCP,54,52432  >  50549 [ACK] Seq=1 Ack=163 Win=5678 Len=0,0.006404
2423,1163960.640092,10.42.0.49,52432.0,10.42.0.13,50703.0,HTTP,1096,Continuation,0.014152
2424,1171293.040274,10.42.0.49,52432.0,10.42.0.13,50754.0,TCP,54,52432  >  50505 [ACK] Seq=1 Ack=163 Win=5678 Len=0,0.003134
2425,351061.045327,10.42.0.28,80.0,10.42.0.13,51365.0,TCP,54,80  >  51383 [ACK] Seq=1 Ack=514 Win=2406 Len=0,0.002699
2426,1150942.545099,10.42.0.49,52432.0,10.42.0.13,50549.0,TCP,54,52432  >  50555 [ACK] Seq=1781 Ack=497 Win=5344 Len=0,0.000132
2427,355631.048582,10.42.0.13,61824.0,10.42.0.49,52432.0,TCP,54,61836  >  52432 [ACK] Seq=496 Ack=1781 Win=65535 Len=0,0.007011
2428,351015.53945,10.42.0.13,51353.0,10.42.0.28,80.0,TCP,54,51353  >  80 [ACK] Seq=1 Ack=1 Win=65535 Len=0,0.004615
2429,1178000.219293,10.42.0.13,50756.0,10.42.0.49,52432.0,TCP,54,50815  >  52432 [ACK] Seq=1 Ack=1 Win=65535 Len=0,0.006597
2430,235925.585789,10.42.0.13,59812.0,10.42.0.28,80.0,TCP,54,52919  >  80 [ACK] Seq=1 Ack=1 Win=65535 Len=0,0.004489
2431,1132277.910867,10.42.0.49,61395.0,99.81.71.200,443.0,TLSv1.2,555,Application Data,0.109472
2432,1132276.034841,10.42.0.49,61395.0,99.81.71.200,443.0,TCP,54,61395  >  443 [ACK] Seq=28777 Ack=1497 Win=5345 Len=0,0.122684
2433,1158377.578558,10.42.0.49,61395.0,99.81.71.200,443.0,TLSv1.2,123,Application Data,0.138732
2434,351019.053156,10.42.0.13,51387.0,10.42.0.28,80.0,TCP,54,51341  >  80 [ACK] Seq=1 Ack=1 Win=65535 Len=0,0.000232
2435,1170355.669697,10.42.0.49,5353.0,10.42.0.13,5353.0,MDNS,174,"Standard query response 0x0000 TXT MSS210-9f39._hap._tcp.local, ""QU"" question TXT",0.004225
2436,1166723.846918,10.42.0.49,61395.0,99.81.71.200,443.0,TCP,54,61395  >  443 [ACK] Seq=213412 Ack=102288 Win=5202 Len=0,0.200293
2437,351019.674099,10.42.0.13,51395.0,10.42.0.28,80.0,TCP,54,51393  >  80 [ACK] Seq=482 Ack=103 Win=65535 Len=0,0.000101
2438,1141171.712228,10.42.0.49,52432.0,10.42.0.13,50492.0,HTTP,1096,Continuation,0.006823
2439,1155353.37097,10.42.0.13,50508.0,10.42.0.49,52432.0,TCP,54,50555  >  52432 [ACK] Seq=496 Ack=1781 Win=65535 Len=0,0.000104
2440,1156931.64962,10.42.0.49,52432.0,10.42.0.13,50760.0,HTTP,1096,Continuation,0.006686
2441,373203.76005,10.42.0.13,5353.0,10.42.0.49,5353.0,MDNS,87,"Standard query 0x0000 TXT MSS210-9f39._hap._tcp.local, ""QU"" question",0.000267
2442,1138203.400154,10.42.0.13,50425.0,10.42.0.49,52432.0,TCP,54,50541  >  52432 [ACK] Seq=496 Ack=1344 Win=65535 Len=0,0.003397
2443,250506.510528,10.42.0.13,52747.0,10.42.0.28,80.0,TCP,54,52727  >  80 [ACK] Seq=482 Ack=102 Win=65535 Len=0,0.000105
2444,351019.305169,10.42.0.28,80.0,10.42.0.13,51363.0,TCP,58,"80  >  51360 [SYN, ACK] Seq=0 Ack=1 Win=2920 Len=0 MSS=1460",0.000111
2445,1177852.820941,10.42.0.49,5353.0,10.42.0.13,5353.0,MDNS,174,"Standard query response 0x0000 TXT MSS210-9f39._hap._tcp.local, ""QU"" question TXT",0.005787
2446,1132277.96466,10.42.0.49,52432.0,10.42.0.13,50330.0,TCP,54,52432  >  50304 [ACK] Seq=1781 Ack=497 Win=5344 Len=0,0.001574
2447,1166231.620742,10.42.0.49,52432.0,10.42.0.13,50703.0,HTTP,135,HTTP/1.1 200 OK  (application/pairing+tlv8),0.044111
2448,3741.08993,10.42.0.140,59888.0,10.42.0.28,80.0,TCP,54,59898  >  80 [ACK] Seq=483 Ack=248 Win=65535 Len=0,0.000116
2449,1132277.415587,10.42.0.49,61395.0,99.81.71.200,443.0,TLSv1.2,539,Application Data,0.006527
2450,324132.71823,10.42.0.49,5353.0,10.42.0.13,5353.0,MDNS,174,"Standard query response 0x0000 TXT MSS210-9f39._hap._tcp.local, ""QU"" question TXT",0.000945
2451,1175129.235966,10.42.0.49,52432.0,10.42.0.13,50533.0,TCP,54,52432  >  50532 [ACK] Seq=1 Ack=163 Win=5678 Len=0,0.102182
2452,1144444.160546,10.42.0.13,50526.0,10.42.0.49,52432.0,TCP,54,50505  >  52432 [ACK] Seq=496 Ack=1781 Win=65535 Len=0,0.003523
2453,1164773.60359,10.42.0.49,61395.0,99.81.71.200,443.0,TLSv1.2,555,Application Data,0.102215
2454,1161231.568725,10.42.0.49,52432.0,10.42.0.13,50612.0,TCP,54,52432  >  50505 [ACK] Seq=1781 Ack=497 Win=5344 Len=0,0.003296
2455,255907.791048,10.42.0.13,52987.0,10.42.0.49,52432.0,TCP,54,59827  >  52432 [ACK] Seq=1 Ack=1 Win=65535 Len=0,0.003214
2456,256934.662053,10.42.0.49,52432.0,10.42.0.13,59827.0,HTTP,135,HTTP/1.1 200 OK  (application/pairing+tlv8),0.041585
2457,351019.059087,10.42.0.28,80.0,10.42.0.13,51346.0,TCP,58,"80  >  51382 [SYN, ACK] Seq=0 Ack=1 Win=2920 Len=0 MSS=1460",0.00101
2458,1138202.942326,10.42.0.49,52432.0,10.42.0.13,50328.0,TCP,54,52432  >  50320 [ACK] Seq=1 Ack=163 Win=5678 Len=0,0.001363
2459,1162467.620741,10.42.0.49,61395.0,99.81.71.200,443.0,TCP,54,61395  >  443 [ACK] Seq=14763 Ack=27971 Win=5702 Len=0,0.164395
2460,246303.344282,10.42.0.13,59469.0,10.42.0.49,52432.0,TCP,54,59474  >  52432 [ACK] Seq=496 Ack=1344 Win=65535 Len=0,0.006283
2461,248731.416017,10.42.0.13,59681.0,10.42.0.49,52432.0,TCP,54,59619  >  52432 [ACK] Seq=496 Ack=1781 Win=65535 Len=0,0.002399
2462,351019.631221,10.42.0.28,80.0,10.42.0.13,51368.0,TCP,58,"80  >  51383 [SYN, ACK] Seq=0 Ack=1 Win=2920 Len=0 MSS=1460",0.000117
2463,1161278.452632,10.42.0.13,50559.0,10.42.0.49,52432.0,TCP,54,50590  >  52432 [ACK] Seq=496 Ack=1781 Win=65535 Len=0,0.003453
2464,369831.388751,10.42.0.49,61388.0,54.216.1.110,443.0,TCP,54,61388  >  443 [ACK] Seq=112033 Ack=1111 Win=5702 Len=0,0.157032
2465,353509.653048,10.42.0.13,51418.0,10.42.0.28,80.0,TCP,54,51384  >  80 [ACK] Seq=515 Ack=104 Win=65535 Len=0,0.000109
2466,1132280.817323,10.42.0.49,61395.0,99.81.71.200,443.0,TLSv1.2,123,Application Data,3.819747
2467,238291.119923,10.42.0.49,52432.0,10.42.0.13,59361.0,HTTP,1096,Continuation,0.00667
2468,246304.402353,10.42.0.13,59468.0,10.42.0.49,52432.0,TCP,54,59484  >  52432 [ACK] Seq=496 Ack=1344 Win=65535 Len=0,0.003966
2469,1143424.613565,10.42.0.49,5353.0,10.42.0.13,5353.0,MDNS,174,"Standard query response 0x0000 TXT MSS210-9f39._hap._tcp.local, ""QU"" question TXT",0.000548
2470,1178006.060581,10.42.0.49,52432.0,10.42.0.13,50714.0,TCP,54,52432  >  50830 [ACK] Seq=1 Ack=163 Win=5678 Len=0,0.10455
2471,356580.060892,10.42.0.49,5353.0,10.42.0.13,5353.0,MDNS,174,"Standard query response 0x0000 TXT MSS210-9f39._hap._tcp.local, ""QU"" question TXT",0.000245
2472,246304.475817,10.42.0.49,5353.0,10.42.0.13,5353.0,MDNS,174,"Standard query response 0x0000 TXT MSS210-9f39._hap._tcp.local, ""QU"" question TXT",0.000676
2473,1161114.083858,10.42.0.49,52432.0,10.42.0.13,50712.0,HTTP,1096,Continuation,0.004508
2474,1181203.673015,10.42.0.49,5353.0,10.42.0.13,5353.0,MDNS,270,"Standard query response 0x0000 PTR _hap._tcp.local, ""QU"" question PTR MSS210-9f39._hap._tcp.local SRV 0 0 52432 Meross_Smart_Pl",
2475,255908.13509,10.42.0.13,52902.0,10.42.0.28,80.0,TCP,54,52919  >  80 [ACK] Seq=482 Ack=102 Win=65535 Len=0,0.000109
2476,351024.660035,10.42.0.28,80.0,10.42.0.13,51371.0,TCP,58,"80  >  51341 [SYN, ACK] Seq=0 Ack=1 Win=2920 Len=0 MSS=1460",0.001022
2477,350982.599418,10.42.0.13,61871.0,10.42.0.49,52432.0,TCP,54,61819  >  52432 [ACK] Seq=496 Ack=1781 Win=65535 Len=0,0.003173
2478,1165692.809535,10.42.0.49,52432.0,10.42.0.13,50568.0,TCP,54,52432  >  50559 [ACK] Seq=1 Ack=163 Win=5678 Len=0,0.004586
2479,351019.059841,10.42.0.13,51353.0,10.42.0.28,80.0,TCP,54,51353  >  80 [ACK] Seq=514 Ack=103 Win=65535 Len=0,0.000105
2480,356633.978589,10.42.0.13,61864.0,10.42.0.49,52432.0,TCP,54,61874  >  52432 [ACK] Seq=497 Ack=1782 Win=65535 Len=0,0.003152
2481,1170558.577729,10.42.0.49,52432.0,10.42.0.13,50855.0,TCP,58,"52432  >  50575 [SYN, ACK] Seq=0 Ack=1 Win=5840 Len=0 MSS=1460",0.00011
2482,1170618.658596,10.42.0.49,61395.0,99.81.71.200,443.0,TLSv1.2,123,Application Data,13.73085
2483,1178000.608278,10.42.0.13,5353.0,10.42.0.49,5353.0,MDNS,87,"Standard query 0x0000 TXT MSS210-9f39._hap._tcp.local, ""QU"" question",0.004594
2484,1161039.523315,10.42.0.49,52432.0,10.42.0.13,50550.0,TCP,54,52432  >  50532 [ACK] Seq=1 Ack=163 Win=5678 Len=0,0.104579
2485,412255.252327,10.42.0.49,61389.0,54.216.1.110,443.0,TCP,54,61389  >  443 [ACK] Seq=14568 Ack=34458 Win=5702 Len=0,0.132713
2486,351024.479945,10.42.0.13,51387.0,10.42.0.28,80.0,TCP,54,51365  >  80 [ACK] Seq=1 Ack=1 Win=65535 Len=0,0.000105
2487,351019.131566,10.42.0.28,80.0,10.42.0.13,51364.0,TCP,54,80  >  51360 [ACK] Seq=1 Ack=514 Win=2406 Len=0,0.002524
2488,1161211.595794,10.42.0.49,52432.0,10.42.0.13,50526.0,TCP,54,52432  >  50551 [ACK] Seq=1781 Ack=497 Win=5344 Len=0,0.000157
2489,1152909.070578,10.42.0.13,50508.0,10.42.0.49,52432.0,TCP,54,50550  >  52432 [ACK] Seq=496 Ack=1344 Win=65535 Len=0,0.005153
2490,241947.495223,10.42.0.13,59484.0,10.42.0.49,52432.0,TCP,54,59468  >  52432 [ACK] Seq=496 Ack=1781 Win=65535 Len=0,0.006874
2491,1152607.211825,10.42.0.49,52432.0,10.42.0.13,50555.0,TCP,54,52432  >  50553 [ACK] Seq=1 Ack=163 Win=5678 Len=0,0.004731
2492,405121.855653,10.42.0.13,51498.0,10.42.0.28,80.0,TCP,54,51499  >  80 [ACK] Seq=515 Ack=104 Win=65535 Len=0,0.000101
2493,362004.828299,10.42.0.49,52432.0,10.42.0.13,61909.0,TCP,54,52432  >  60902 [ACK] Seq=1781 Ack=497 Win=5344 Len=0,0.000112
2494,1132277.561523,10.42.0.49,61395.0,99.81.71.200,443.0,TLSv1.2,539,Application Data,0.014454
2495,255908.26241,10.42.0.13,52770.0,10.42.0.28,80.0,TCP,54,52741  >  80 [ACK] Seq=482 Ack=102 Win=65535 Len=0,0.001115
2496,1178003.970588,10.42.0.49,52432.0,10.42.0.13,50948.0,TCP,54,52432  >  50836 [ACK] Seq=1 Ack=163 Win=5678 Len=0,0.159567
2497,255907.065926,10.42.0.13,52747.0,10.42.0.28,80.0,TCP,54,52740  >  80 [ACK] Seq=1 Ack=1 Win=65535 Len=0,0.004643
2498,1158250.489877,10.42.0.49,5353.0,10.42.0.13,5353.0,MDNS,174,"Standard query response 0x0000 TXT MSS210-9f39._hap._tcp.local, ""QU"" question TXT",0.005894
2499,1155583.38945,10.42.0.49,5353.0,10.42.0.13,5353.0,MDNS,174,"Standard query response 0x0000 TXT MSS210-9f39._hap._tcp.local, ""QU"" question TXT",0.000535
2500,1132276.415183,10.42.0.13,50328.0,10.42.0.49,52432.0,TCP,54,50320  >  52432 [ACK] Seq=496 Ack=1781 Win=65535 Len=0,0.003153
2501,423002.485189,10.42.0.49,52432.0,10.42.0.13,62692.0,TCP,54,52432  >  62922 [ACK] Seq=1781 Ack=497 Win=5344 Len=0,0.001782
2502,1152617.973897,10.42.0.49,61395.0,99.81.71.200,443.0,TLSv1.2,539,Application Data,0.100855
2503,416844.670459,10.42.0.13,60908.0,10.42.0.49,52432.0,TCP,54,62508  >  52432 [ACK] Seq=496 Ack=1781 Win=65535 Len=0,0.004595
2504,351024.906536,10.42.0.13,51387.0,10.42.0.28,80.0,TCP,54,51383  >  80 [ACK] Seq=483 Ack=103 Win=65535 Len=0,0.000101
2505,1148073.620838,10.42.0.49,52432.0,10.42.0.13,50702.0,TCP,54,52432  >  50940 [ACK] Seq=1 Ack=163 Win=5678 Len=0,0.100123
2506,1163276.70979,10.42.0.49,5353.0,10.42.0.13,5353.0,MDNS,174,"Standard query response 0x0000 TXT MSS210-9f39._hap._tcp.local, ""QU"" question TXT",0.000741
2507,1147874.913412,10.42.0.49,5353.0,10.42.0.13,5353.0,MDNS,174,"Standard query response 0x0000 TXT MSS210-9f39._hap._tcp.local, ""QU"" question TXT",0.010884
2508,1161231.669499,10.42.0.49,52432.0,10.42.0.13,50605.0,HTTP,1096,Continuation,0.00665
2509,1141418.422797,10.42.0.49,52432.0,10.42.0.13,50492.0,TCP,54,52432  >  50532 [ACK] Seq=1 Ack=163 Win=5678 Len=0,0.115331
2510,1142239.883698,10.42.0.49,52432.0,10.42.0.13,50333.0,HTTP,135,HTTP/1.1 200 OK  (application/pairing+tlv8),0.046558
2511,3739.880222,10.42.0.49,61388.0,99.81.71.200,443.0,TLSv1.2,555,Application Data,0.105995
2512,322082.851053,10.42.0.13,60959.0,10.42.0.49,52432.0,TCP,54,60959  >  52432 [ACK] Seq=496 Ack=1781 Win=65535 Len=0,0.003155
2513,234721.150771,10.42.0.13,59278.0,10.42.0.28,80.0,TCP,54,51292  >  80 [ACK] Seq=482 Ack=102 Win=65535 Len=0,0.000112
2514,1149417.550552,10.42.0.49,5353.0,10.42.0.13,5353.0,MDNS,174,"Standard query response 0x0000 TXT MSS210-9f39._hap._tcp.local, ""QU"" question TXT",0.005453
2515,351001.105116,10.42.0.13,51353.0,10.42.0.28,80.0,TCP,54,51351  >  80 [ACK] Seq=515 Ack=104 Win=65535 Len=0,0.000111
2516,1166231.972296,10.42.0.49,5353.0,10.42.0.13,5353.0,MDNS,174,"Standard query response 0x0000 TXT MSS210-9f39._hap._tcp.local, ""QU"" question TXT",0.000946
2517,1132276.673265,10.42.0.49,61395.0,99.81.71.200,443.0,TLSv1.2,539,Application Data,0.138679
2518,1183273.057646,10.42.0.13,50526.0,10.42.0.49,52432.0,TCP,54,50563  >  52432 [ACK] Seq=496 Ack=1781 Win=65535 Len=0,0.003559
2519,1156070.566432,10.42.0.49,52432.0,10.42.0.13,50550.0,TCP,54,52432  >  50532 [ACK] Seq=1 Ack=163 Win=5678 Len=0,0.002559
2520,246304.73677,10.42.0.49,5353.0,10.42.0.13,5353.0,MDNS,174,"Standard query response 0x0000 TXT MSS210-9f39._hap._tcp.local, ""QU"" question TXT",0.009481
2521,1183268.784811,10.42.0.49,52432.0,10.42.0.13,50855.0,TCP,54,52432  >  50868 [ACK] Seq=1 Ack=163 Win=5678 Len=0,0.100513
2522,351019.305212,10.42.0.28,80.0,10.42.0.13,51366.0,TCP,58,"80  >  51383 [SYN, ACK] Seq=0 Ack=1 Win=2920 Len=0 MSS=1460",0.001017
2523,1132280.177675,10.42.0.49,61395.0,99.81.71.200,443.0,TLSv1.2,539,Application Data,0.000814
2524,1178006.653093,10.42.0.49,61395.0,99.81.71.200,443.0,TCP,54,61395  >  443 [ACK] Seq=23076 Ack=218068 Win=4589 Len=0,0.104533
2525,1178006.459055,10.42.0.13,5353.0,10.42.0.49,5353.0,MDNS,87,"Standard query 0x0000 TXT MSS210-9f39._hap._tcp.local, ""QU"" question",0.043017
2526,1183202.686558,10.42.0.49,5353.0,10.42.0.13,5353.0,MDNS,174,"Standard query response 0x0000 TXT MSS210-9f39._hap._tcp.local, ""QU"" question TXT",0.001087
2527,1153570.988413,10.42.0.49,5353.0,10.42.0.13,5353.0,MDNS,270,"Standard query response 0x0000 PTR _hap._tcp.local, ""QU"" question PTR MSS210-9f39._hap._tcp.local SRV 0 0 52432 Meross_Smart_Pl",
2528,405043.901261,10.42.0.13,51461.0,10.42.0.28,80.0,TCP,54,51496  >  80 [ACK] Seq=515 Ack=128 Win=65535 Len=0,0.000106
2529,350983.094941,10.42.0.13,51714.0,10.42.0.28,80.0,TCP,54,51381  >  80 [ACK] Seq=1 Ack=1 Win=65535 Len=0,0.00425
2530,1132277.968666,10.42.0.13,50529.0,10.42.0.49,52432.0,TCP,54,50949  >  52432 [ACK] Seq=497 Ack=1782 Win=65535 Len=0,0.003242
2531,1144780.289486,10.42.0.49,52432.0,10.42.0.13,50534.0,TCP,54,"52432  >  50532 [FIN, ACK] Seq=1781 Ack=497 Win=5344 Len=0",0.007463
2532,376009.526039,10.42.0.49,61388.0,54.216.1.110,443.0,TLSv1.2,539,Application Data,0.13543
2533,351024.93267,10.42.0.49,5353.0,10.42.0.13,5353.0,MDNS,174,"Standard query response 0x0000 TXT MSS210-9f39._hap._tcp.local, ""QU"" question TXT",0.001185
2534,1141949.26099,10.42.0.49,5353.0,10.42.0.13,5353.0,MDNS,174,"Standard query response 0x0000 TXT MSS210-9f39._hap._tcp.local, ""QU"" question TXT",0.000816
2535,350983.608184,10.42.0.49,5353.0,10.42.0.13,5353.0,MDNS,174,"Standard query response 0x0000 TXT MSS210-9f39._hap._tcp.local, ""QU"" question TXT",0.009033
2536,1165691.026642,10.42.0.49,52432.0,10.42.0.13,50710.0,TCP,54,"52432  >  50508 [FIN, ACK] Seq=1781 Ack=497 Win=5344 Len=0",0.000138
2537,351008.661176,10.42.0.13,51387.0,10.42.0.28,80.0,TCP,54,51388  >  80 [ACK] Seq=483 Ack=103 Win=65535 Len=0,0.000119
2538,355631.138916,10.42.0.13,61870.0,10.42.0.49,52432.0,TCP,54,61838  >  52432 [ACK] Seq=497 Ack=1782 Win=65535 Len=0,0.003268
2539,1183620.648219,10.42.0.49,52432.0,10.42.0.13,50880.0,TCP,54,52432  >  50538 [ACK] Seq=1 Ack=163 Win=5678 Len=0,0.104594
2540,238904.88522,10.42.0.49,52432.0,10.42.0.13,59470.0,TCP,54,52432  >  59475 [ACK] Seq=1781 Ack=497 Win=5344 Len=0,0.000125
2541,1162131.359114,10.42.0.49,61395.0,99.81.71.200,443.0,TLSv1.2,123,Application Data,1.137952
2542,1132277.52039,10.42.0.13,50327.0,10.42.0.28,80.0,TCP,54,50303  >  80 [ACK] Seq=483 Ack=103 Win=65535 Len=0,0.000107
2543,1170355.686474,10.42.0.49,5353.0,10.42.0.13,5353.0,MDNS,174,"Standard query response 0x0000 TXT MSS210-9f39._hap._tcp.local, ""QU"" question TXT",0.009034
2544,1132277.964146,10.42.0.49,52432.0,10.42.0.13,50322.0,HTTP,274,HTTP/1.1 200 OK  (application/pairing+tlv8),0.274491
2545,351028.415223,10.42.0.49,52432.0,10.42.0.13,61836.0,TCP,54,52432  >  61874 [ACK] Seq=1781 Ack=497 Win=5344 Len=0,0.000122
2546,1170547.255912,10.42.0.13,50851.0,10.42.0.49,52432.0,TCP,54,50556  >  52432 [ACK] Seq=496 Ack=1781 Win=65535 Len=0,0.001451
2547,1170355.064899,10.42.0.49,61395.0,99.81.71.200,443.0,TLSv1.2,539,Application Data,0.035985
2548,1132277.502571,10.42.0.13,65056.0,10.42.0.49,52432.0,TCP,54,50560  >  52432 [ACK] Seq=496 Ack=1781 Win=65535 Len=0,0.003415
2549,1171113.592971,10.42.0.49,5353.0,10.42.0.13,5353.0,MDNS,174,"Standard query response 0x0000 TXT MSS210-9f39._hap._tcp.local, ""QU"" question TXT",0.010662
2550,318572.911516,10.42.0.13,59695.0,10.42.0.28,80.0,TCP,54,59199  >  80 [ACK] Seq=483 Ack=103 Win=65535 Len=0,0.000105
2551,1178006.648469,10.42.0.13,50918.0,10.42.0.49,52432.0,TCP,54,50948  >  52432 [ACK] Seq=414 Ack=302 Win=65535 Len=0,0.003962
2552,377175.657782,10.42.0.49,52432.0,10.42.0.13,61998.0,TCP,54,52432  >  61989 [ACK] Seq=1781 Ack=497 Win=5344 Len=0,0.000452
2553,410999.153012,10.42.0.13,51717.0,10.42.0.28,80.0,TCP,54,51717  >  80 [ACK] Seq=483 Ack=103 Win=65535 Len=0,0.000105
2554,1161211.06079,10.42.0.49,61395.0,99.81.71.200,443.0,TLSv1.2,539,Application Data,0.125377
2555,351024.806027,10.42.0.49,52432.0,10.42.0.13,61878.0,HTTP,1096,Continuation,0.006514
2556,1155829.05347,10.42.0.13,50505.0,10.42.0.49,52432.0,TCP,54,50555  >  52432 [ACK] Seq=497 Ack=1782 Win=65535 Len=0,0.003551
2557,1171294.897775,10.42.0.49,52432.0,10.42.0.13,50832.0,TCP,54,52432  >  50532 [ACK] Seq=1 Ack=163 Win=5678 Len=0,0.102535
2558,1156078.026067,10.42.0.49,52432.0,10.42.0.13,50703.0,HTTP,135,HTTP/1.1 200 OK  (application/pairing+tlv8),0.045677
2559,350984.824111,10.42.0.49,61388.0,54.216.1.110,443.0,TLSv1.2,123,Application Data,18.12812
2560,423207.084036,10.42.0.13,62763.0,10.42.0.49,52432.0,TCP,54,62726  >  52432 [ACK] Seq=496 Ack=1781 Win=65535 Len=0,0.000223
2561,1178007.902163,10.42.0.49,5353.0,10.42.0.13,5353.0,MDNS,174,"Standard query response 0x0000 TXT MSS210-9f39._hap._tcp.local, ""QU"" question TXT",0.000251
2562,1164778.165715,10.42.0.49,52432.0,10.42.0.13,50828.0,TCP,54,52432  >  50832 [ACK] Seq=1781 Ack=497 Win=5344 Len=0,0.000142
2563,351019.657616,10.42.0.13,51347.0,10.42.0.28,80.0,TCP,54,51383  >  80 [ACK] Seq=1 Ack=1 Win=65535 Len=0,0.000105
2564,240067.305965,10.42.0.13,51460.0,10.42.0.28,80.0,TCP,54,51465  >  80 [ACK] Seq=483 Ack=103 Win=65535 Len=0,0.000104
2565,351029.052289,10.42.0.13,51341.0,10.42.0.28,80.0,TCP,54,51385  >  80 [ACK] Seq=1 Ack=1 Win=65535 Len=0,0.002499
2566,248731.907412,10.42.0.13,59617.0,10.42.0.28,80.0,TCP,54,51296  >  80 [ACK] Seq=482 Ack=103 Win=65535 Len=0,0.000101
2567,1141345.860131,10.42.0.49,52432.0,10.42.0.13,50403.0,TCP,54,52432  >  50494 [ACK] Seq=1 Ack=163 Win=5678 Len=0,0.106637
2568,1158387.420525,10.42.0.49,61395.0,99.81.71.200,443.0,TCP,54,61395  >  443 [ACK] Seq=110747 Ack=12497 Win=5244 Len=0,0.074979
2569,1164531.225091,10.42.0.49,52432.0,10.42.0.13,50550.0,HTTP,135,HTTP/1.1 200 OK  (application/pairing+tlv8),0.044989
2570,355631.424556,10.42.0.13,61878.0,10.42.0.49,52432.0,TCP,54,61838  >  52432 [ACK] Seq=414 Ack=302 Win=65535 Len=0,0.000104
2571,1171120.698934,10.42.0.49,5353.0,10.42.0.13,5353.0,MDNS,174,"Standard query response 0x0000 TXT MSS210-9f39._hap._tcp.local, ""QU"" question TXT",0.01053
2572,1156170.955858,10.42.0.49,61395.0,99.81.71.200,443.0,TLSv1.2,123,Application Data,0.011526
2573,351019.051021,10.42.0.13,51353.0,10.42.0.28,80.0,TCP,54,51363  >  80 [ACK] Seq=1 Ack=1 Win=65535 Len=0,0.000107
2574,1132277.777791,10.42.0.49,61395.0,99.81.71.200,443.0,TCP,54,61395  >  443 [ACK] Seq=127327 Ack=15678 Win=5702 Len=0,0.157779
2575,1132280.641916,10.42.0.13,50395.0,10.42.0.49,52432.0,TCP,54,50591  >  52432 [ACK] Seq=414 Ack=302 Win=65535 Len=0,0.000105
2576,1160623.980779,10.42.0.49,52432.0,10.42.0.13,50702.0,TCP,54,52432  >  50303 [ACK] Seq=1781 Ack=497 Win=5344 Len=0,0.001033
2577,351015.339433,10.42.0.13,51387.0,10.42.0.28,80.0,TCP,54,51393  >  80 [ACK] Seq=1 Ack=1 Win=65535 Len=0,0.000101
2578,1178006.634698,10.42.0.49,52432.0,10.42.0.13,50757.0,HTTP,1096,Continuation,0.010718
2579,375915.813932,10.42.0.49,5353.0,10.42.0.13,5353.0,MDNS,174,"Standard query response 0x0000 TXT MSS210-9f39._hap._tcp.local, ""QU"" question TXT",0.000253
2580,1163916.516028,10.42.0.49,61395.0,99.81.71.200,443.0,TCP,54,61395  >  443 [ACK] Seq=22599 Ack=131999 Win=5202 Len=0,0.121797
2581,264556.533302,10.42.0.49,52432.0,10.42.0.13,59827.0,HTTP,135,HTTP/1.1 200 OK  (application/pairing+tlv8),0.044966
2582,1177111.063456,10.42.0.49,52432.0,10.42.0.13,50702.0,TCP,54,52432  >  50505 [ACK] Seq=1 Ack=163 Win=5678 Len=0,0.001259
2583,1144747.515432,10.42.0.49,5353.0,10.42.0.13,5353.0,MDNS,174,"Standard query response 0x0000 TXT MSS210-9f39._hap._tcp.local, ""QU"" question TXT",0.000951
2584,1162328.504583,10.42.0.49,61395.0,99.81.71.200,443.0,TLSv1.2,539,Application Data,0.013952
2585,351008.611211,10.42.0.13,51365.0,10.42.0.28,80.0,TCP,54,51356  >  80 [ACK] Seq=1 Ack=1 Win=65535 Len=0,0.000111
2586,1154317.615874,10.42.0.49,52432.0,10.42.0.13,50541.0,TCP,54,52432  >  50532 [ACK] Seq=1781 Ack=497 Win=5344 Len=0,0.004783
2587,351019.90582,10.42.0.13,51347.0,10.42.0.28,80.0,TCP,54,51381  >  80 [ACK] Seq=1 Ack=1 Win=65535 Len=0,0.002104
2588,1157898.688614,10.42.0.13,50941.0,10.42.0.49,52432.0,TCP,54,50495  >  52432 [ACK] Seq=414 Ack=302 Win=65535 Len=0,0.000113
2589,1170926.642625,10.42.0.13,50760.0,10.42.0.49,52432.0,TCP,54,50601  >  52432 [ACK] Seq=163 Ack=221 Win=65535 Len=0,0.001057
2590,238296.905345,10.42.0.13,50917.0,10.42.0.28,80.0,TCP,54,50909  >  80 [ACK] Seq=482 Ack=103 Win=65535 Len=0,0.000101
2591,360014.085425,10.42.0.49,5353.0,10.42.0.13,5353.0,MDNS,174,"Standard query response 0x0000 TXT MSS210-9f39._hap._tcp.local, ""QU"" question TXT",0.000287
2592,1155828.16931,10.42.0.49,61395.0,99.81.71.200,443.0,TLSv1.2,539,Application Data,0.100822
2593,351019.645121,10.42.0.13,51361.0,10.42.0.28,80.0,TCP,54,51398  >  80 [ACK] Seq=482 Ack=102 Win=65535 Len=0,0.000134
2594,1143132.833032,10.42.0.49,52432.0,10.42.0.13,50326.0,TCP,54,52432  >  50322 [ACK] Seq=1 Ack=1 Win=65535 Len=0,0.003099
2595,1151555.659511,10.42.0.49,5353.0,10.42.0.13,5353.0,MDNS,174,"Standard query response 0x0000 TXT MSS210-9f39._hap._tcp.local, ""QU"" question TXT",0.000992
2596,1178006.418556,10.42.0.49,5353.0,10.42.0.13,5353.0,MDNS,174,"Standard query response 0x0000 TXT MSS210-9f39._hap._tcp.local, ""QU"" question TXT",0.001081
2597,351024.326832,10.42.0.28,80.0,10.42.0.13,51366.0,TCP,58,"80  >  51385 [SYN, ACK] Seq=0 Ack=1 Win=2920 Len=0 MSS=1460",0.001279
2598,351015.657331,10.42.0.13,51363.0,10.42.0.28,80.0,TCP,54,51371  >  80 [ACK] Seq=1 Ack=1 Win=65535 Len=0,0.000233
2599,351019.630326,10.42.0.13,51387.0,10.42.0.28,80.0,TCP,54,51387  >  80 [ACK] Seq=482 Ack=103 Win=65535 Len=0,0.000133
2600,1166907.132589,10.42.0.49,61395.0,99.81.71.200,443.0,TLSv1.2,539,Application Data,0.097525
2601,350492.043915,10.42.0.13,51353.0,10.42.0.28,80.0,TCP,54,51343  >  80 [ACK] Seq=1 Ack=1 Win=65535 Len=0,0.002103
2602,1161121.359814,10.42.0.49,52432.0,10.42.0.13,50324.0,TCP,54,52432  >  50320 [ACK] Seq=1 Ack=163 Win=5678 Len=0,0.002575
2603,1162954.777699,10.42.0.13,50505.0,10.42.0.49,52432.0,TCP,54,50575  >  52432 [ACK] Seq=163 Ack=221 Win=65535 Len=0,0.001139
2604,241589.698916,10.42.0.13,59681.0,10.42.0.49,52432.0,TCP,54,59681  >  52432 [ACK] Seq=163 Ack=221 Win=65535 Len=0,0.002994
2605,1152925.210278,10.42.0.49,52432.0,10.42.0.13,50556.0,HTTP,1096,Continuation,0.006134
2606,1166916.532742,10.42.0.49,5353.0,10.42.0.13,5353.0,MDNS,174,"Standard query response 0x0000 TXT MSS210-9f39._hap._tcp.local, ""QU"" question TXT",0.010127
2607,351019.647035,10.42.0.28,80.0,10.42.0.13,51381.0,TCP,58,"80  >  51335 [SYN, ACK] Seq=0 Ack=1 Win=2920 Len=0 MSS=1460",0.001112
2608,238295.770575,10.42.0.13,52902.0,10.42.0.28,80.0,TCP,54,52772  >  80 [ACK] Seq=1 Ack=1 Win=65535 Len=0,0.004259
2609,351024.439918,10.42.0.13,51387.0,10.42.0.28,80.0,TCP,54,51395  >  80 [ACK] Seq=483 Ack=103 Win=65535 Len=0,0.000101
2610,1170363.646013,10.42.0.49,5353.0,10.42.0.13,5353.0,MDNS,270,"Standard query response 0x0000 PTR _hap._tcp.local, ""QU"" question PTR MSS210-9f39._hap._tcp.local SRV 0 0 52432 Meross_Smart_Pl",
2611,1167076.658994,10.42.0.49,61395.0,99.81.71.200,443.0,TLSv1.2,555,Application Data,0.107924
2612,1149444.966049,10.42.0.13,50524.0,10.42.0.49,52432.0,TCP,54,50404  >  52432 [ACK] Seq=496 Ack=1344 Win=65535 Len=0,0.003056
2613,1155358.175896,10.42.0.49,61395.0,99.81.71.200,443.0,TCP,54,61395  >  443 [ACK] Seq=111858 Ack=10756 Win=4520 Len=0,0.239996
2614,1171119.629193,10.42.0.49,52432.0,10.42.0.13,50505.0,HTTP,135,HTTP/1.1 200 OK  (application/pairing+tlv8),0.042025
2615,255900.448015,10.42.0.49,52432.0,10.42.0.13,59681.0,TCP,54,52432  >  59874 [ACK] Seq=1781 Ack=497 Win=5344 Len=0,0.000156
2616,1165690.274692,10.42.0.49,52432.0,10.42.0.13,50535.0,HTTP,1096,Continuation,0.012532
2617,1132277.771892,10.42.0.49,52432.0,10.42.0.13,50812.0,TCP,54,52432  >  50320 [ACK] Seq=1781 Ack=497 Win=5344 Len=0,0.000128
2618,249465.773565,10.42.0.49,5353.0,10.42.0.13,5353.0,MDNS,174,"Standard query response 0x0000 TXT MSS210-9f39._hap._tcp.local, ""QU"" question TXT",0.000927
2619,405045.926859,10.42.0.13,51468.0,10.42.0.28,80.0,TCP,54,51414  >  80 [ACK] Seq=515 Ack=104 Win=65535 Len=0,0.000116
2620,351008.452113,10.42.0.13,51349.0,10.42.0.28,80.0,TCP,54,51351  >  80 [ACK] Seq=1 Ack=1 Win=65535 Len=0,0.000105
2621,1132277.583346,10.42.0.13,50329.0,10.42.0.28,80.0,TCP,54,50343  >  80 [ACK] Seq=483 Ack=103 Win=65535 Len=0,0.000232
2622,240354.911052,10.42.0.28,80.0,10.42.0.13,51296.0,TCP,54,80  >  51296 [ACK] Seq=199 Ack=484 Win=2437 Len=0,0.001019
2623,350983.10535,10.42.0.13,51353.0,10.42.0.28,80.0,TCP,54,51353  >  80 [ACK] Seq=483 Ack=103 Win=65535 Len=0,0.000108
2624,1183227.354596,10.42.0.13,50404.0,10.42.0.49,52432.0,TCP,54,50405  >  52432 [ACK] Seq=496 Ack=1781 Win=65535 Len=0,0.006665
2625,366846.458377,10.42.0.49,5353.0,10.42.0.13,5353.0,MDNS,174,"Standard query response 0x0000 TXT MSS210-9f39._hap._tcp.local, ""QU"" question TXT",0.001166
2626,1143446.933043,10.42.0.49,52432.0,10.42.0.13,50541.0,TCP,54,52432  >  50476 [ACK] Seq=1 Ack=163 Win=5678 Len=0,0.003907
2627,356631.156236,10.42.0.49,61388.0,54.216.1.110,443.0,TCP,54,61388  >  443 [ACK] Seq=15247 Ack=1711 Win=5845 Len=0,0.189851
2628,350982.894947,10.42.0.49,52432.0,10.42.0.13,61827.0,TCP,54,52432  >  61928 [ACK] Seq=1781 Ack=497 Win=5344 Len=0,0.000187
2629,422072.396666,10.42.0.13,62762.0,10.42.0.49,52432.0,TCP,54,62621  >  52432 [ACK] Seq=496 Ack=1781 Win=65535 Len=0,0.005956
2630,1163252.37877,10.42.0.49,52432.0,10.42.0.13,50832.0,TCP,54,52432  >  50828 [ACK] Seq=1 Ack=163 Win=5678 Len=0,0.127931
2631,1158296.242281,10.42.0.13,50991.0,10.42.0.49,52432.0,TCP,54,50991  >  52432 [ACK] Seq=496 Ack=1781 Win=65535 Len=0,0.001139
2632,418617.562858,10.42.0.49,61389.0,54.216.1.110,443.0,TCP,54,61389  >  443 [ACK] Seq=12463 Ack=11116669 Win=5840 Len=0,0.238557
2633,376119.735871,10.42.0.13,61971.0,10.42.0.49,52432.0,TCP,54,61979  >  52432 [ACK] Seq=1 Ack=1 Win=65535 Len=0,0.003381
2634,1158370.866431,10.42.0.49,52432.0,10.42.0.13,50753.0,TCP,54,52432  >  50505 [ACK] Seq=1 Ack=163 Win=5678 Len=0,0.103166
2635,422073.400897,10.42.0.49,52432.0,10.42.0.13,62627.0,HTTP,135,HTTP/1.1 200 OK  (application/pairing+tlv8),0.044591
2636,315228.120692,10.42.0.13,60955.0,10.42.0.49,52432.0,TCP,54,60959  >  52432 [ACK] Seq=497 Ack=1782 Win=65535 Len=0,0.006745
2637,419317.806641,10.42.0.13,5353.0,10.42.0.49,5353.0,MDNS,87,"Standard query 0x0000 TXT MSS210-9f39._hap._tcp.local, ""QU"" question",0.010119
2638,316194.414949,10.42.0.13,5353.0,10.42.0.49,5353.0,MDNS,87,"Standard query 0x0000 TXT MSS210-9f39._hap._tcp.local, ""QU"" question",0.100339
2639,1171493.623769,10.42.0.13,50832.0,10.42.0.49,52432.0,TCP,54,50836  >  52432 [ACK] Seq=496 Ack=1344 Win=65535 Len=0,0.000104
2640,361939.54159,10.42.0.49,52432.0,10.42.0.13,61876.0,HTTP,1096,Continuation,0.007115
2641,1162179.03874,10.42.0.49,52432.0,10.42.0.13,50705.0,TCP,54,52432  >  50508 [ACK] Seq=1781 Ack=497 Win=5344 Len=0,0.004524
2642,351019.645213,10.42.0.13,51387.0,10.42.0.28,80.0,TCP,54,51341  >  80 [ACK] Seq=483 Ack=103 Win=65535 Len=0,0.000137
2643,1170583.619459,10.42.0.49,52432.0,10.42.0.13,50705.0,TCP,54,52432  >  50536 [ACK] Seq=1 Ack=163 Win=5678 Len=0,0.005539
2644,1171129.670581,10.42.0.49,52432.0,10.42.0.13,50760.0,TCP,54,52432  >  50883 [ACK] Seq=1 Ack=163 Win=5678 Len=0,0.005684
2645,1149547.568653,10.42.0.49,5353.0,10.42.0.13,5353.0,MDNS,174,"Standard query response 0x0000 TXT MSS210-9f39._hap._tcp.local, ""QU"" question TXT",0.000453
2646,1162317.24937,10.42.0.49,5353.0,10.42.0.13,5353.0,MDNS,174,"Standard query response 0x0000 TXT MSS210-9f39._hap._tcp.local, ""QU"" question TXT",0.011272
2647,1183960.969763,10.42.0.13,50859.0,10.42.0.49,52432.0,TCP,54,50963  >  52432 [ACK] Seq=163 Ack=221 Win=65535 Len=0,0.000155
2648,1170540.669089,10.42.0.49,52432.0,10.42.0.13,50705.0,TCP,54,52432  >  50605 [ACK] Seq=1 Ack=163 Win=5678 Len=0,0.002674
2649,1165691.058462,10.42.0.13,50608.0,10.42.0.49,52432.0,TCP,54,50606  >  52432 [ACK] Seq=496 Ack=1781 Win=65535 Len=0,0.003242
2650,1160179.92319,10.42.0.49,52432.0,10.42.0.13,50756.0,TCP,54,[TCP Keep-Alive ACK] 52432  >  50814 [ACK] Seq=1781 Ack=496 Win=5345 Len=0,0.000
2651,354363.71715,10.42.0.13,61859.0,10.42.0.49,52432.0,TCP,54,61838  >  52432 [ACK] Seq=497 Ack=1782 Win=65535 Len=0,0.003338
2652,1132277.584747,10.42.0.49,52432.0,10.42.0.13,50812.0,TCP,54,52432  >  50491 [ACK] Seq=1781 Ack=497 Win=5344 Len=0,0.003642
2653,1132277.98469,10.42.0.49,52432.0,10.42.0.13,50369.0,TCP,54,52432  >  50604 [ACK] Seq=1 Ack=163 Win=5678 Len=0,0.243997
2654,1132277.576091,10.42.0.13,50329.0,10.42.0.49,52432.0,TCP,54,50329  >  52432 [ACK] Seq=497 Ack=1782 Win=65535 Len=0,0.003221
2655,1170555.987046,10.42.0.13,50750.0,10.42.0.49,52432.0,TCP,54,50755  >  52432 [ACK] Seq=496 Ack=1781 Win=65535 Len=0,0.002754
2656,1171207.423538,10.42.0.49,61395.0,99.81.71.200,443.0,TCP,54,61395  >  443 [ACK] Seq=109127 Ack=65189 Win=5702 Len=0,0.241894
2657,1182027.659814,10.42.0.49,52432.0,10.42.0.13,50955.0,HTTP,1096,Continuation,0.006075
2658,1141174.414278,10.42.0.49,52432.0,10.42.0.13,50494.0,TCP,54,52432  >  50494 [ACK] Seq=1 Ack=163 Win=5678 Len=0,0.003149
2659,250513.513736,10.42.0.28,80.0,10.42.0.13,51363.0,TCP,58,"80  >  51363 [SYN, ACK] Seq=0 Ack=1 Win=2920 Len=0 MSS=1460",0.000117
2660,350431.614018,10.42.0.13,51383.0,10.42.0.28,80.0,TCP,54,51388  >  80 [ACK] Seq=483 Ack=103 Win=65535 Len=0,0.000106
2661,1177051.752225,10.42.0.13,50855.0,10.42.0.49,52432.0,TCP,54,50557  >  52432 [ACK] Seq=163 Ack=221 Win=65535 Len=0,0.000569
2662,1158383.894066,10.42.0.49,52432.0,10.42.0.13,50941.0,HTTP,1096,Continuation,0.006744
2663,350988.84402,10.42.0.49,61388.0,54.216.1.110,443.0,TCP,54,61388  >  443 [ACK] Seq=112886 Ack=11180 Win=5111 Len=0,0.205533
2664,1149544.565466,10.42.0.49,5353.0,10.42.0.13,5353.0,MDNS,174,"Standard query response 0x0000 TXT MSS210-9f39._hap._tcp.local, ""QU"" question TXT",0.000814
2665,351019.408594,10.42.0.28,80.0,10.42.0.13,51367.0,TCP,58,"80  >  51349 [SYN, ACK] Seq=0 Ack=1 Win=2920 Len=0 MSS=1460",0.001017
2666,351019.705178,10.42.0.28,80.0,10.42.0.13,51365.0,TCP,54,80  >  51333 [ACK] Seq=1 Ack=483 Win=2438 Len=0,0.002452
2667,3741.440687,10.42.0.140,5987.0,10.42.0.49,80.0,TCP,54,59747  >  80 [ACK] Seq=483 Ack=552 Win=65535 Len=0,0.002055
2668,375417.41563,10.42.0.49,52432.0,10.42.0.13,61883.0,HTTP,1096,Continuation,0.003161
2669,1165690.914123,10.42.0.49,52432.0,10.42.0.13,50705.0,TCP,54,52432  >  50532 [ACK] Seq=1 Ack=163 Win=5678 Len=0,0.107497
2670,355631.052112,10.42.0.13,51378.0,10.42.0.28,80.0,TCP,54,51387  >  80 [ACK] Seq=1 Ack=1 Win=65535 Len=0,0.002105
2671,319883.328928,10.42.0.49,61388.0,54.216.1.110,443.0,TCP,54,61388  >  443 [ACK] Seq=124312 Ack=14006 Win=5111 Len=0,0.192314
2672,1147456.91154,10.42.0.49,52432.0,10.42.0.13,50531.0,HTTP,274,HTTP/1.1 200 OK  (application/pairing+tlv8),0.210674
2673,1155555.844881,10.42.0.13,50557.0,10.42.0.49,52432.0,TCP,54,50557  >  52432 [ACK] Seq=496 Ack=1344 Win=65535 Len=0,0.003117
2674,1152611.037825,10.42.0.49,61395.0,99.81.71.200,443.0,TLSv1.2,539,Application Data,0.011137
2675,351024.624368,10.42.0.13,51383.0,10.42.0.49,52432.0,TCP,54,59487  >  52432 [ACK] Seq=497 Ack=1782 Win=65535 Len=0,0.006453
2676,351019.642121,10.42.0.13,51387.0,10.42.0.28,80.0,TCP,54,51341  >  80 [ACK] Seq=483 Ack=103 Win=65535 Len=0,0.000106
2677,1148629.888058,10.42.0.49,52432.0,10.42.0.13,50948.0,TCP,54,52432  >  50948 [ACK] Seq=1 Ack=163 Win=5678 Len=0,0.002359
2678,1166011.694791,10.42.0.49,61395.0,99.81.71.200,443.0,TLSv1.2,555,Application Data,0.093131
2679,1132277.586411,10.42.0.13,50329.0,10.42.0.49,52432.0,TCP,54,50326  >  52432 [ACK] Seq=496 Ack=1781 Win=65535 Len=0,0.003211
2680,1148947.524332,10.42.0.13,50505.0,10.42.0.49,52432.0,TCP,54,50552  >  52432 [ACK] Seq=496 Ack=1781 Win=65535 Len=0,0.003252
2681,351008.324323,10.42.0.13,51369.0,10.42.0.28,80.0,TCP,54,51343  >  80 [ACK] Seq=483 Ack=103 Win=65535 Len=0,0.000113
2682,360143.61301,10.42.0.49,5353.0,10.42.0.13,5353.0,MDNS,174,"Standard query response 0x0000 TXT MSS210-9f39._hap._tcp.local, ""QU"" question TXT",0.007987
2683,422076.121497,10.42.0.13,62615.0,10.42.0.49,52432.0,TCP,54,62604  >  52432 [ACK] Seq=496 Ack=1781 Win=65535 Len=0,0.003229
2684,1145622.420899,10.42.0.49,52432.0,10.42.0.13,50526.0,TCP,54,52432  >  50554 [ACK] Seq=1781 Ack=497 Win=5344 Len=0,0.000134
2685,351008.452132,10.42.0.13,51349.0,10.42.0.28,80.0,TCP,54,51349  >  80 [ACK] Seq=514 Ack=104 Win=65535 Len=0,0.000104
2686,1143448.814538,10.42.0.49,5353.0,10.42.0.13,5353.0,MDNS,174,"Standard query response 0x0000 TXT MSS210-9f39._hap._tcp.local, ""QU"" question TXT",0.009418
2687,1182027.846438,10.42.0.49,52432.0,10.42.0.13,50978.0,TCP,54,52432  >  50857 [ACK] Seq=1 Ack=163 Win=5678 Len=0,0.100152
2688,1167039.789825,10.42.0.49,61395.0,99.81.71.200,443.0,TCP,54,61395  >  443 [ACK] Seq=25656 Ack=20818 Win=5770 Len=0,0.111282
2689,1132277.714836,10.42.0.49,52432.0,10.42.0.13,50329.0,HTTP,1096,Continuation,0.006664
2690,422073.086455,10.42.0.49,52432.0,10.42.0.13,62614.0,TCP,54,52432  >  62619 [ACK] Seq=1 Ack=163 Win=5678 Len=0,0.101997
2691,1170555.414058,10.42.0.49,5353.0,10.42.0.13,5353.0,MDNS,174,"Standard query response 0x0000 TXT MSS210-9f39._hap._tcp.local, ""QU"" question TXT",0.000963
2692,351001.140373,10.42.0.13,51361.0,10.42.0.28,80.0,TCP,54,51392  >  80 [ACK] Seq=483 Ack=103 Win=65535 Len=0,0.000105
2693,1174787.658037,10.42.0.49,52432.0,10.42.0.13,50822.0,TCP,54,52432  >  50832 [ACK] Seq=1 Ack=163 Win=5678 Len=0,0.102085
2694,3741.54196,10.42.0.140,59884.0,10.42.0.28,80.0,TCP,54,59878  >  80 [ACK] Seq=483 Ack=102 Win=65535 Len=0,0.000104
2695,373207.192385,10.42.0.13,61958.0,10.42.0.49,80.0,TCP,54,59696  >  80 [ACK] Seq=483 Ack=102 Win=65535 Len=0,0.000104
2696,351024.009254,10.42.0.13,51387.0,10.42.0.28,80.0,TCP,54,51387  >  80 [ACK] Seq=482 Ack=103 Win=65535 Len=0,0.000104
2697,1132277.876099,10.42.0.49,61395.0,99.81.71.200,443.0,TLSv1.2,539,Application Data,0.134545
2698,1132277.500771,10.42.0.49,61395.0,99.81.71.200,443.0,TLSv1.2,539,Application Data,0.136318
2699,351064.458535,10.42.0.13,51383.0,10.42.0.49,52432.0,TCP,54,59870  >  52432 [ACK] Seq=496 Ack=1344 Win=65535 Len=0,0.003557
2700,316193.662159,10.42.0.49,61388.0,54.216.1.110,443.0,TCP,54,61388  >  443 [ACK] Seq=125952 Ack=11800 Win=5111 Len=0,0.124514
2701,1149181.041232,10.42.0.49,52432.0,10.42.0.13,50492.0,TCP,54,52432  >  50492 [ACK] Seq=1 Ack=163 Win=5678 Len=0,0.102256
2702,320015.593645,10.42.0.13,51360.0,10.42.0.28,80.0,TCP,54,51341  >  80 [ACK] Seq=1 Ack=1 Win=65535 Len=0,0.00465
2703,1170555.580641,10.42.0.49,52432.0,10.42.0.13,50581.0,TCP,54,52432  >  50555 [ACK] Seq=1781 Ack=497 Win=5344 Len=0,0.000111
2704,350988.964234,10.42.0.13,51741.0,10.42.0.28,80.0,TCP,54,51364  >  80 [ACK] Seq=483 Ack=103 Win=65535 Len=0,0.000108
2705,405033.45585,10.42.0.13,51414.0,10.42.0.28,80.0,TCP,54,51432  >  80 [ACK] Seq=1 Ack=1 Win=65535 Len=0,0.000105
2706,351019.928313,10.42.0.28,80.0,10.42.0.13,51368.0,TCP,54,80  >  51383 [ACK] Seq=1 Ack=515 Win=2406 Len=0,0.002359
2707,256346.53857,10.42.0.13,59827.0,10.42.0.49,52432.0,TCP,54,59827  >  52432 [ACK] Seq=497 Ack=1782 Win=65535 Len=0,0.003515
2708,1171377.438713,10.42.0.49,5353.0,10.42.0.13,5353.0,MDNS,174,"Standard query response 0x0000 TXT MSS210-9f39._hap._tcp.local, ""QU"" question TXT",0.000276
2709,351024.992897,10.42.0.13,51387.0,10.42.0.28,80.0,TCP,54,51367  >  80 [ACK] Seq=482 Ack=102 Win=65535 Len=0,0.000118
2710,1156907.419425,10.42.0.49,5353.0,10.42.0.13,5353.0,MDNS,174,"Standard query response 0x0000 TXT MSS210-9f39._hap._tcp.local, ""QU"" question TXT",0.008752
2711,1137122.890877,10.42.0.13,50752.0,10.42.0.49,52432.0,TCP,54,50701  >  52432 [ACK] Seq=163 Ack=221 Win=65535 Len=0,0.000764
2712,354102.580894,10.42.0.13,51387.0,10.42.0.28,80.0,TCP,54,51341  >  80 [ACK] Seq=515 Ack=104 Win=65535 Len=0,0.000111
2713,1176007.656025,10.42.0.49,5353.0,224.0.0.251,5353.0,MDNS,305,"Standard query response 0x0000 PTR MSS210-9f39._hap._tcp.local SRV, cache flush 0 0 52432 Meross_Smart_Plug.local TXT, cache flush A",
2714,1178006.852116,10.42.0.49,5353.0,10.42.0.13,5353.0,MDNS,174,"Standard query response 0x0000 TXT MSS210-9f39._hap._tcp.local, ""QU"" question TXT",0.001176
2715,1183673.84201,10.42.0.49,52432.0,10.42.0.13,50814.0,TCP,54,52432  >  50614 [ACK] Seq=1 Ack=163 Win=5678 Len=0,0.226586
2716,353509.105982,10.42.0.13,51348.0,10.42.0.28,80.0,TCP,54,51351  >  80 [ACK] Seq=1 Ack=1 Win=65535 Len=0,0.000105
2717,1132277.700237,10.42.0.13,65056.0,10.42.0.49,52432.0,TCP,54,50560  >  52432 [ACK] Seq=496 Ack=1781 Win=65535 Len=0,0.003563
2718,1154187.673497,10.42.0.49,52432.0,10.42.0.13,50548.0,TCP,54,[TCP Keep-Alive ACK] 52432  >  50868 [ACK] Seq=1781 Ack=496 Win=5345 Len=0,0.00
2719,422076.183146,10.42.0.13,62626.0,10.42.0.49,52432.0,TCP,54,62626  >  52432 [ACK] Seq=1 Ack=1 Win=65535 Len=0,0.003264
2720,1134994.679036,10.42.0.13,50505.0,10.42.0.49,52432.0,TCP,54,50505  >  52432 [ACK] Seq=497 Ack=1782 Win=65535 Len=0,0.004655
2721,405147.530173,10.42.0.28,80.0,10.42.0.13,51464.0,TCP,58,"80  >  51448 [SYN, ACK] Seq=0 Ack=1 Win=2920 Len=0 MSS=1460",0.000109
2722,1170355.436578,10.42.0.49,52432.0,10.42.0.13,50564.0,HTTP,491,Continuation,0.004704
2723,1149418.482246,10.42.0.49,5353.0,10.42.0.13,5353.0,MDNS,174,"Standard query response 0x0000 TXT MSS210-9f39._hap._tcp.local, ""QU"" question TXT",0.000534
2724,1141818.720681,10.42.0.49,52432.0,10.42.0.13,50649.0,TCP,54,52432  >  50850 [ACK] Seq=1 Ack=163 Win=5678 Len=0,0.002108
2725,351024.668288,10.42.0.13,61872.0,10.42.0.49,52432.0,TCP,54,61872  >  52432 [ACK] Seq=496 Ack=1781 Win=65535 Len=0,0.007341
2726,1181202.657841,10.42.0.49,52432.0,10.42.0.13,50949.0,TCP,54,52432  >  50949 [ACK] Seq=1 Ack=163 Win=5678 Len=0,0.114675
2727,246304.800594,10.42.0.13,59467.0,10.42.0.49,52432.0,TCP,54,59469  >  52432 [ACK] Seq=496 Ack=1344 Win=65535 Len=0,0.003517
2728,1161248.552297,10.42.0.13,50552.0,10.42.0.49,52432.0,TCP,54,50552  >  52432 [ACK] Seq=496 Ack=1781 Win=65535 Len=0,0.000357
2729,1156930.029024,10.42.0.49,61395.0,99.81.71.200,443.0,TLSv1.2,123,Application Data,12.36512
2730,1171296.50919,10.42.0.49,5353.0,10.42.0.13,5353.0,MDNS,174,"Standard query response 0x0000 TXT MSS210-9f39._hap._tcp.local, ""QU"" question TXT",0.002526
2731,1156935.83522,10.42.0.13,50526.0,10.42.0.49,52432.0,TCP,54,50555  >  52432 [ACK] Seq=496 Ack=1781 Win=65535 Len=0,0.001125
2732,1152606.696255,10.42.0.49,61395.0,99.81.71.200,443.0,TCP,54,61395  >  443 [ACK] Seq=103231 Ack=18719 Win=5111 Len=0,0.268981
2733,375292.86721,10.42.0.49,5353.0,10.42.0.13,5353.0,MDNS,174,"Standard query response 0x0000 TXT MSS210-9f39._hap._tcp.local, ""QU"" question TXT",0.000246
2734,1174745.800026,10.42.0.49,5353.0,10.42.0.13,5353.0,MDNS,174,"Standard query response 0x0000 TXT MSS210-9f39._hap._tcp.local, ""QU"" question TXT",0.000967
2735,249465.399189,10.42.0.49,5353.0,10.42.0.13,5353.0,MDNS,174,"Standard query response 0x0000 TXT MSS210-9f39._hap._tcp.local, ""QU"" question TXT",0.001225
2736,242741.554811,10.42.0.13,59486.0,10.42.0.49,52432.0,TCP,54,59494  >  52432 [ACK] Seq=496 Ack=1781 Win=65535 Len=0,0.001558
2737,1141418.049254,10.42.0.13,50526.0,10.42.0.49,52432.0,TCP,54,50514  >  52432 [ACK] Seq=496 Ack=1781 Win=65535 Len=0,0.004645
2738,351024.558022,10.42.0.13,51349.0,10.42.0.28,80.0,TCP,54,51365  >  80 [ACK] Seq=482 Ack=103 Win=65535 Len=0,0.000105
2739,1141316.029878,10.42.0.49,52432.0,10.42.0.13,50494.0,TCP,54,52432  >  50949 [ACK] Seq=1 Ack=163 Win=5678 Len=0,0.110839
2740,1152627.613527,10.42.0.49,52432.0,10.42.0.13,50568.0,TCP,54,52432  >  50532 [ACK] Seq=1 Ack=163 Win=5678 Len=0,0.003389
2741,1167469.96472,10.42.0.49,61395.0,99.81.71.200,443.0,TLSv1.2,555,Application Data,0.099534
2742,351008.419512,10.42.0.13,51353.0,10.42.0.28,80.0,TCP,54,51365  >  80 [ACK] Seq=514 Ack=103 Win=65535 Len=0,0.001105
2743,1155550.254328,10.42.0.49,5353.0,10.42.0.13,5353.0,MDNS,174,"Standard query response 0x0000 TXT MSS210-9f39._hap._tcp.local, ""QU"" question TXT",0.000127
2744,351019.856646,10.42.0.28,80.0,10.42.0.13,51364.0,TCP,54,80  >  51396 [ACK] Seq=1 Ack=514 Win=2406 Len=0,0.002552
2745,1158209.625783,10.42.0.13,50552.0,10.42.0.49,52432.0,TCP,54,50555  >  52432 [ACK] Seq=163 Ack=221 Win=65535 Len=0,0.000219
2746,361196.289227,10.42.0.13,61954.0,10.42.0.49,52432.0,TCP,54,61959  >  52432 [ACK] Seq=1 Ack=1 Win=65535 Len=0,0.002913
2747,249465.542517,10.42.0.13,59684.0,10.42.0.49,52432.0,TCP,54,59486  >  52432 [ACK] Seq=496 Ack=1781 Win=65535 Len=0,0.003916
2748,356593.659641,10.42.0.49,61388.0,54.216.1.110,443.0,TLSv1.2,123,Application Data,18.63397
2749,1150949.245394,10.42.0.49,52432.0,10.42.0.13,50549.0,TCP,54,52432  >  50532 [ACK] Seq=1 Ack=163 Win=5678 Len=0,0.131667
2750,1181203.978525,10.42.0.49,52432.0,10.42.0.13,50756.0,HTTP,1096,Continuation,0.006815
2751,1170628.176373,10.42.0.49,61395.0,99.81.71.200,443.0,TLSv1.2,555,Application Data,0.107552
2752,351019.908554,10.42.0.13,51348.0,10.42.0.28,80.0,TCP,54,51393  >  80 [ACK] Seq=515 Ack=104 Win=65535 Len=0,0.000105
2753,1132277.413027,10.42.0.13,50329.0,10.42.0.49,52432.0,TCP,54,50328  >  52432 [ACK] Seq=496 Ack=1344 Win=65535 Len=0,0.003116
2754,1149371.91325,10.42.0.49,52432.0,10.42.0.13,50531.0,HTTP,1096,Continuation,0.006967
2755,246304.423531,10.42.0.49,52432.0,10.42.0.13,59476.0,HTTP,135,HTTP/1.1 200 OK  (application/pairing+tlv8),0.044776
2756,1178006.566825,10.42.0.13,50948.0,10.42.0.49,52432.0,TCP,54,50948  >  52432 [ACK] Seq=1 Ack=1 Win=65535 Len=0,0.002104
2757,324208.413794,10.42.0.49,52432.0,10.42.0.13,60920.0,TCP,54,"52432  >  60920 [FIN, ACK] Seq=1781 Ack=497 Win=5344 Len=0",0.000103
2758,1132277.466297,10.42.0.13,50329.0,10.42.0.49,52432.0,TCP,54,50325  >  52432 [ACK] Seq=497 Ack=1782 Win=65535 Len=0,0.006499
2759,355631.351116,10.42.0.13,51838.0,10.42.0.49,52432.0,TCP,54,58618  >  52432 [ACK] Seq=496 Ack=1781 Win=65535 Len=0,0.003195
2760,1152032.606972,10.42.0.13,50555.0,10.42.0.49,52432.0,TCP,54,50555  >  52432 [ACK] Seq=496 Ack=1781 Win=65535 Len=0,0.004657
2761,324412.932117,10.42.0.13,59474.0,10.42.0.49,80.0,TCP,54,59446  >  80 [ACK] Seq=583 Ack=102 Win=65535 Len=0,0.003016
2762,1151203.633084,10.42.0.13,50392.0,10.42.0.49,52432.0,TCP,54,50315  >  52432 [ACK] Seq=496 Ack=1344 Win=65535 Len=0,0.003732
2763,1178000.930931,10.42.0.49,5353.0,10.42.0.13,5353.0,MDNS,174,"Standard query response 0x0000 TXT MSS210-9f39._hap._tcp.local, ""QU"" question TXT",0.010594
2764,351019.32909,10.42.0.13,51353.0,10.42.0.28,80.0,TCP,54,51392  >  80 [ACK] Seq=1 Ack=1 Win=65535 Len=0,0.000104
2765,1149568.496078,10.42.0.49,5353.0,10.42.0.13,5353.0,MDNS,174,"Standard query response 0x0000 TXT MSS210-9f39._hap._tcp.local, ""QU"" question TXT",0.000876
2766,320015.191597,10.42.0.28,80.0,10.42.0.13,59681.0,TCP,54,80  >  59680 [ACK] Seq=1 Ack=482 Win=2439 Len=0,0.000245
2767,1141941.541928,10.42.0.49,52432.0,10.42.0.13,50512.0,HTTP,1096,Continuation,0.005814
2768,1170355.555818,10.42.0.49,52432.0,10.42.0.13,50552.0,TCP,54,52432  >  50526 [ACK] Seq=1781 Ack=497 Win=5344 Len=0,0.004587
2769,412850.489153,10.42.0.49,5353.0,10.42.0.13,5353.0,MDNS,174,"Standard query response 0x0000 TXT MSS210-9f39._hap._tcp.local, ""QU"" question TXT",0.010335
2770,1174775.958287,10.42.0.49,52432.0,10.42.0.13,50815.0,TCP,54,52432  >  50855 [ACK] Seq=1 Ack=163 Win=5678 Len=0,0.001853
2771,1178006.41425,10.42.0.49,5353.0,224.0.0.251,5353.0,MDNS,291,"Standard query response 0x0000 TXT, cache flush SRV, cache flush 0 0 52432 Meross_Smart_Plug.local A, cache flush 10.42.0.49 AAAA",
2772,1171121.685145,10.42.0.49,52432.0,10.42.0.13,50608.0,TCP,54,"52432  >  50850 [FIN, ACK] Seq=1781 Ack=497 Win=5344 Len=0",0.001323
2773,1184202.419546,10.42.0.49,61395.0,99.81.71.200,443.0,TCP,54,61395  >  443 [ACK] Seq=10202 Ack=130797 Win=4520 Len=0,0.262132
2774,264556.451266,10.42.0.13,52327.0,10.42.0.28,80.0,TCP,54,52328  >  80 [ACK] Seq=482 Ack=103 Win=65535 Len=0,0.000118
2775,351024.603001,10.42.0.13,51347.0,10.42.0.28,80.0,TCP,54,51389  >  80 [ACK] Seq=1 Ack=1 Win=65535 Len=0,0.002431
2776,1178006.604578,10.42.0.49,5353.0,10.42.0.13,5353.0,MDNS,270,"Standard query response 0x0000 PTR _hap._tcp.local, ""QU"" question PTR MSS210-9f39._hap._tcp.local SRV 0 0 52432 Meross_Smart_Pl",
2777,1132277.820929,10.42.0.13,50329.0,10.42.0.49,52432.0,TCP,54,50929  >  52432 [ACK] Seq=497 Ack=1782 Win=65535 Len=0,0.003113
2778,1165693.099464,10.42.0.13,50630.0,10.42.0.49,52432.0,TCP,54,50630  >  52432 [ACK] Seq=497 Ack=1782 Win=65535 Len=0,0.000312
2779,1176117.565281,10.42.0.49,52432.0,10.42.0.13,50810.0,HTTP,135,HTTP/1.1 200 OK  (application/pairing+tlv8),0.044529
2780,1166717.220982,10.42.0.13,50713.0,10.42.0.49,52432.0,TCP,54,50717  >  52432 [ACK] Seq=414 Ack=302 Win=65535 Len=0,0.002239
2781,1153198.104269,10.42.0.13,50552.0,10.42.0.49,52432.0,TCP,54,50553  >  52432 [ACK] Seq=496 Ack=1781 Win=65535 Len=0,0.003189
2782,1158250.660977,10.42.0.49,61395.0,99.81.71.200,443.0,TLSv1.2,123,Application Data,1.235997
2783,1134951.869357,10.42.0.49,52432.0,10.42.0.13,50403.0,HTTP,274,HTTP/1.1 200 OK  (application/pairing+tlv8),0.049942
2784,1170555.997959,10.42.0.13,50557.0,10.42.0.49,52432.0,TCP,54,50559  >  52432 [ACK] Seq=163 Ack=221 Win=65535 Len=0,0.003115
2785,1174788.403254,10.42.0.49,52432.0,10.42.0.13,50494.0,HTTP,491,Continuation,0.006455
2786,1132277.385313,10.42.0.13,50325.0,10.42.0.49,52432.0,TCP,54,50326  >  52432 [ACK] Seq=496 Ack=1781 Win=65535 Len=0,0.007343
2787,1132277.902779,10.42.0.49,61395.0,99.81.71.200,443.0,TLSv1.2,123,Application Data,3.837746
2788,1152135.268241,10.42.0.49,5353.0,10.42.0.13,5353.0,MDNS,174,"Standard query response 0x0000 TXT MSS210-9f39._hap._tcp.local, ""QU"" question TXT",0.000223
2789,1170558.669965,10.42.0.13,50750.0,10.42.0.49,52432.0,TCP,54,50755  >  52432 [ACK] Seq=163 Ack=221 Win=65535 Len=0,0.000232
2790,351019.61646,10.42.0.49,61388.0,54.216.1.110,443.0,TLSv1.2,123,Application Data,2.245604
2791,1181963.033475,10.42.0.49,5353.0,10.42.0.13,5353.0,MDNS,174,"Standard query response 0x0000 TXT MSS210-9f39._hap._tcp.local, ""QU"" question TXT",0.000274
2792,1147177.652053,10.42.0.49,61395.0,99.81.71.200,443.0,TCP,54,61395  >  443 [ACK] Seq=32222 Ack=114058 Win=5111 Len=0,0.278265
2793,1166231.699225,10.42.0.49,61395.0,99.81.71.200,443.0,TLSv1.2,123,Application Data,3.741597
2794,1144778.996316,10.42.0.13,50508.0,10.42.0.49,52432.0,TCP,54,50534  >  52432 [ACK] Seq=497 Ack=1782 Win=65535 Len=0,0.003111
2795,1158384.518066,10.42.0.49,61395.0,99.81.71.200,443.0,TLSv1.2,539,Application Data,0.134854
2796,255900.121711,10.42.0.28,80.0,10.42.0.13,52749.0,TCP,54,80  >  52727 [ACK] Seq=1 Ack=482 Win=2439 Len=0,0.002599
2797,1145624.718996,10.42.0.49,61395.0,99.81.71.200,443.0,TLSv1.2,539,Application Data,0.007254
2798,1132280.776082,10.42.0.13,50342.0,10.42.0.49,52432.0,TCP,54,50325  >  52432 [ACK] Seq=496 Ack=1781 Win=65535 Len=0,0.003392
2799,1132276.507757,10.42.0.49,61395.0,99.81.71.200,443.0,TLSv1.2,539,Application Data,0.03886
2800,1132280.65345,10.42.0.49,61395.0,99.81.71.200,443.0,TLSv1.2,123,Application Data,4.3.24119
2801,405061.067797,10.42.0.28,80.0,10.42.0.13,51465.0,TCP,58,"80  >  51464 [SYN, ACK] Seq=0 Ack=1 Win=2920 Len=0 MSS=1460",0.001014
2802,321277.171021,10.42.0.13,60917.0,10.42.0.49,52432.0,TCP,54,60920  >  52432 [ACK] Seq=496 Ack=1781 Win=65535 Len=0,0.003687
2803,1170554.806745,10.42.0.49,5353.0,10.42.0.13,5353.0,MDNS,174,"Standard query response 0x0000 TXT MSS210-9f39._hap._tcp.local, ""QU"" question TXT",0.000166
2804,351002.067785,10.42.0.13,51341.0,10.42.0.28,80.0,TCP,54,51387  >  80 [ACK] Seq=483 Ack=552 Win=65535 Len=0,0.000105
2805,235925.582095,10.42.0.13,50919.0,10.42.0.28,80.0,TCP,54,52909  >  80 [ACK] Seq=482 Ack=103 Win=65535 Len=0,0.000105
2806,1158388.174146,10.42.0.49,52432.0,10.42.0.13,50708.0,TCP,54,52432  >  50883 [ACK] Seq=1781 Ack=497 Win=5344 Len=0,0.000225
2807,1170641.691543,10.42.0.49,52432.0,10.42.0.13,50894.0,TCP,54,52432  >  50532 [ACK] Seq=1 Ack=163 Win=5678 Len=0,0.001324
2808,255908.19859,10.42.0.13,52981.0,10.42.0.28,80.0,TCP,54,52895  >  80 [ACK] Seq=482 Ack=102 Win=65535 Len=0,0.000105
2809,351019.641268,10.42.0.13,51387.0,10.42.0.28,80.0,TCP,54,51349  >  80 [ACK] Seq=483 Ack=103 Win=65535 Len=0,0.000105
2810,1146077.093131,10.42.0.49,5353.0,10.42.0.13,5353.0,MDNS,174,"Standard query response 0x0000 TXT MSS210-9f39._hap._tcp.local, ""QU"" question TXT",0.000234
2811,1139325.984189,10.42.0.49,5353.0,10.42.0.13,5353.0,MDNS,174,"Standard query response 0x0000 TXT MSS210-9f39._hap._tcp.local, ""QU"" question TXT",0.010275
2812,264556.463783,10.42.0.13,52326.0,10.42.0.28,80.0,TCP,54,52323  >  80 [ACK] Seq=482 Ack=103 Win=65535 Len=0,0.000105
2813,351019.931511,10.42.0.13,51381.0,10.42.0.28,80.0,TCP,54,51381  >  80 [ACK] Seq=1 Ack=1 Win=65535 Len=0,0.001015
2814,1143182.868034,10.42.0.13,50409.0,10.42.0.49,52432.0,TCP,54,50404  >  52432 [ACK] Seq=496 Ack=1781 Win=65535 Len=0,0.003564
2815,242733.687056,10.42.0.49,52432.0,10.42.0.13,59482.0,TCP,54,52432  >  59614 [ACK] Seq=1781 Ack=497 Win=5344 Len=0,0.001197
2816,315228.025945,10.42.0.49,52432.0,10.42.0.13,60955.0,HTTP,1096,Continuation,0.006667
2817,1149407.407014,10.42.0.49,5353.0,10.42.0.13,5353.0,MDNS,174,"Standard query response 0x0000 TXT MSS210-9f39._hap._tcp.local, ""QU"" question TXT",0.008855
2818,1156032.07876,10.42.0.49,52432.0,10.42.0.13,50704.0,TCP,54,52432  >  50870 [ACK] Seq=1781 Ack=497 Win=5344 Len=0,0.000125
2819,1145316.974961,10.42.0.49,5353.0,10.42.0.13,5353.0,MDNS,174,"Standard query response 0x0000 TXT MSS210-9f39._hap._tcp.local, ""QU"" question TXT",0.002527
2820,1183203.623399,10.42.0.49,61395.0,99.81.71.200,443.0,TLSv1.2,123,Application Data,1.170355
2821,1174441.093572,10.42.0.49,52432.0,10.42.0.13,50505.0,TCP,54,52432  >  50548 [ACK] Seq=1 Ack=163 Win=5678 Len=0,0.000104
2822,351019.05333,10.42.0.13,51387.0,10.42.0.28,80.0,TCP,54,51385  >  80 [ACK] Seq=483 Ack=103 Win=65535 Len=0,0.000107
2823,1150941.801949,10.42.0.13,50555.0,10.42.0.49,52432.0,TCP,54,50559  >  52432 [ACK] Seq=163 Ack=221 Win=65535 Len=0,0.000276
2824,1170542.994989,10.42.0.13,50527.0,10.42.0.49,52432.0,TCP,54,50524  >  52432 [ACK] Seq=163 Ack=221 Win=65535 Len=0,0.000183
2825,1167120.415162,10.42.0.49,52432.0,10.42.0.13,50506.0,TCP,54,52432  >  50550 [ACK] Seq=1 Ack=163 Win=5678 Len=0,0.002449
2826,1182027.294189,10.42.0.49,61395.0,99.81.71.200,443.0,TLSv1.2,123,Application Data,1.008176
2827,1162332.151418,10.42.0.49,5353.0,10.42.0.13,5353.0,MDNS,174,"Standard query response 0x0000 TXT MSS210-9f39._hap._tcp.local, ""QU"" question TXT",0.007334
2828,353509.89037,10.42.0.13,51353.0,10.42.0.28,80.0,TCP,54,51385  >  80 [ACK] Seq=1 Ack=1 Win=65535 Len=0,0.002107
2829,1176191.935616,10.42.0.13,50706.0,10.42.0.49,52432.0,TCP,54,50706  >  52432 [ACK] Seq=414 Ack=302 Win=65535 Len=0,0.002271
2830,351008.117185,10.42.0.13,51361.0,10.42.0.28,80.0,TCP,54,51351  >  80 [ACK] Seq=1 Ack=1 Win=65535 Len=0,0.002382
2831,235925.586469,10.42.0.49,52432.0,10.42.0.13,59827.0,TCP,54,52432  >  59827 [ACK] Seq=1781 Ack=497 Win=5344 Len=0,0.001581
2832,255907.166572,10.42.0.13,52743.0,10.42.0.28,80.0,TCP,54,52743  >  80 [ACK] Seq=482 Ack=103 Win=65535 Len=0,0.003015
2833,1155838.584735,10.42.0.49,5353.0,10.42.0.13,5353.0,MDNS,174,"Standard query response 0x0000 TXT MSS210-9f39._hap._tcp.local, ""QU"" question TXT",0.000882
2834,351015.425221,10.42.0.28,80.0,10.42.0.13,51367.0,TCP,54,80  >  51368 [ACK] Seq=1 Ack=483 Win=2438 Len=0,0.002848
2835,321277.486799,10.42.0.49,52432.0,10.42.0.13,60958.0,HTTP,1096,Continuation,0.006113
2836,351019.538114,10.42.0.28,80.0,10.42.0.13,51368.0,TCP,58,"80  >  51368 [SYN, ACK] Seq=0 Ack=1 Win=2920 Len=0 MSS=1460",0.001118
2837,351019.055761,10.42.0.28,80.0,10.42.0.13,51365.0,TCP,58,"80  >  51383 [SYN, ACK] Seq=0 Ack=1 Win=2920 Len=0 MSS=1460",0.001019
2838,1174994.543155,10.42.0.49,5353.0,10.42.0.13,5353.0,MDNS,174,"Standard query response 0x0000 TXT MSS210-9f39._hap._tcp.local, ""QU"" question TXT",0.001034
2839,1166077.720732,10.42.0.49,61395.0,99.81.71.200,443.0,TLSv1.2,555,Application Data,0.104512
2840,350985.510218,10.42.0.13,51347.0,10.42.0.28,80.0,TCP,54,51366  >  80 [ACK] Seq=1 Ack=1 Win=65535 Len=0,0.001105
2841,369323.71632,10.42.0.49,5353.0,10.42.0.13,5353.0,MDNS,174,"Standard query response 0x0000 TXT MSS210-9f39._hap._tcp.local, ""QU"" question TXT",0.000295
2842,1182031.639119,10.42.0.49,5353.0,10.42.0.13,5353.0,MDNS,270,"Standard query response 0x0000 PTR _hap._tcp.local, ""QU"" question PTR MSS210-9f39._hap._tcp.local SRV 0 0 52432 Meross_Smart_Pl",
2843,1178006.858858,10.42.0.49,5353.0,10.42.0.13,5353.0,MDNS,270,"Standard query response 0x0000 PTR _hap._tcp.local, ""QU"" question PTR MSS210-9f39._hap._tcp.local SRV 0 0 52432 Meross_Smart_Pl",
2844,1160739.602176,10.42.0.49,5353.0,10.42.0.13,5353.0,MDNS,174,"Standard query response 0x0000 TXT MSS210-9f39._hap._tcp.local, ""QU"" question TXT",0.007121
2845,1175580.425182,10.42.0.49,52432.0,10.42.0.13,50581.0,TCP,54,"52432  >  50554 [FIN, ACK] Seq=1781 Ack=497 Win=5344 Len=0",0.000897
2846,1132277.500231,10.42.0.49,61395.0,99.81.71.200,443.0,TCP,54,61395  >  443 [ACK] Seq=23476 Ack=16582 Win=5840 Len=0,0.195795
2847,355629.058575,10.42.0.13,61819.0,10.42.0.49,52432.0,TCP,54,61818  >  52432 [ACK] Seq=496 Ack=1781 Win=65535 Len=0,0.003222
2848,1183202.645791,10.42.0.13,50959.0,10.42.0.49,52432.0,TCP,54,50995  >  52432 [ACK] Seq=496 Ack=1344 Win=65535 Len=0,0.001016
2849,256373.265794,10.42.0.13,59898.0,10.42.0.49,52432.0,TCP,54,59828  >  52432 [ACK] Seq=496 Ack=1781 Win=65535 Len=0,0.004698
2850,423003.452454,10.42.0.13,62716.0,10.42.0.49,52432.0,TCP,54,62726  >  52432 [ACK] Seq=496 Ack=1781 Win=65535 Len=0,0.003727
2851,1131132.611863,10.42.0.49,5353.0,10.42.0.13,5353.0,MDNS,174,"Standard query response 0x0000 TXT MSS210-9f39._hap._tcp.local, ""QU"" question TXT",0.000231
2852,1164531.030254,10.42.0.49,52432.0,10.42.0.13,50560.0,TCP,54,52432  >  50505 [ACK] Seq=1781 Ack=497 Win=5344 Len=0,0.000111
2853,405089.07665,10.42.0.28,80.0,10.42.0.13,51465.0,TCP,58,"80  >  51416 [SYN, ACK] Seq=0 Ack=1 Win=2920 Len=0 MSS=1460",0.001074
2854,254712.90677,10.42.0.13,59801.0,10.42.0.49,52432.0,TCP,54,59810  >  52432 [ACK] Seq=497 Ack=1782 Win=65535 Len=0,0.000111
2855,1171119.731853,10.42.0.49,5353.0,10.42.0.13,5353.0,MDNS,174,"Standard query response 0x0000 TXT MSS210-9f39._hap._tcp.local, ""QU"" question TXT",0.010655
2856,242735.435171,10.42.0.13,59474.0,10.42.0.49,52432.0,TCP,54,59472  >  52432 [ACK] Seq=496 Ack=1781 Win=65535 Len=0,0.003114
2857,238903.658945,10.42.0.13,51114.0,10.42.0.28,80.0,TCP,54,51159  >  80 [ACK] Seq=482 Ack=103 Win=65535 Len=0,0.000105
2858,1132277.520191,10.42.0.13,50327.0,10.42.0.49,52432.0,TCP,54,50310  >  52432 [ACK] Seq=496 Ack=1344 Win=65535 Len=0,0.000122
2859,1145614.589063,10.42.0.49,5353.0,10.42.0.13,5353.0,MDNS,174,"Standard query response 0x0000 TXT MSS210-9f39._hap._tcp.local, ""QU"" question TXT",0.000888
2860,1162327.797965,10.42.0.13,50855.0,10.42.0.49,52432.0,TCP,54,50575  >  52432 [ACK] Seq=163 Ack=221 Win=65535 Len=0,0.003249
2861,1158293.403826,10.42.0.49,52432.0,10.42.0.13,50549.0,TCP,54,52432  >  50536 [ACK] Seq=1 Ack=163 Win=5678 Len=0,0.260139
2862,361030.570584,10.42.0.13,51347.0,10.42.0.28,80.0,TCP,54,51365  >  80 [ACK] Seq=1 Ack=1 Win=65535 Len=0,0.000108
2863,1182031.777346,10.42.0.49,5353.0,10.42.0.13,5353.0,MDNS,174,"Standard query response 0x0000 TXT MSS210-9f39._hap._tcp.local, ""QU"" question TXT",0.008775
2864,351019.574673,10.42.0.13,51381.0,10.42.0.28,80.0,TCP,54,51381  >  80 [ACK] Seq=1 Ack=1 Win=65535 Len=0,0.000107
2865,1152132.199197,10.42.0.49,52432.0,10.42.0.13,50555.0,TCP,58,"52432  >  50532 [SYN, ACK] Seq=0 Ack=1 Win=5840 Len=0 MSS=1460",0.00011
2866,1139630.085863,10.42.0.49,5353.0,224.0.0.251,5353.0,MDNS,305,"Standard query response 0x0000 PTR MSS210-9f39._hap._tcp.local SRV, cache flush 0 0 52432 Meross_Smart_Plug.local TXT, cache flush A",
2867,1163927.966098,10.42.0.13,50756.0,10.42.0.49,52432.0,TCP,54,50630  >  52432 [ACK] Seq=497 Ack=1782 Win=65535 Len=0,0.000159
2868,1171325.798331,10.42.0.49,52432.0,10.42.0.13,50333.0,HTTP,135,HTTP/1.1 200 OK  (application/pairing+tlv8),0.044819
2869,355631.466012,10.42.0.49,52432.0,10.42.0.13,61881.0,HTTP,491,Continuation,0.000953
2870,321277.596101,10.42.0.49,52432.0,10.42.0.13,60956.0,TCP,54,52432  >  60901 [ACK] Seq=1781 Ack=497 Win=5344 Len=0,0.001527
2871,1156073.101666,10.42.0.49,52432.0,10.42.0.13,50703.0,TCP,54,52432  >  50832 [ACK] Seq=1 Ack=163 Win=5678 Len=0,0.002349
2872,1162447.089826,10.42.0.13,50608.0,10.42.0.49,52432.0,TCP,54,50606  >  52432 [ACK] Seq=163 Ack=221 Win=65535 Len=0,0.001012
2873,1156069.058463,10.42.0.13,50526.0,10.42.0.49,52432.0,TCP,54,50552  >  52432 [ACK] Seq=497 Ack=1782 Win=65535 Len=0,0.006311
2874,1174954.896189,10.42.0.49,5353.0,10.42.0.13,5353.0,MDNS,174,"Standard query response 0x0000 TXT MSS210-9f39._hap._tcp.local, ""QU"" question TXT",0.01081
2875,1131228.598831,10.42.0.49,5353.0,10.42.0.13,5353.0,MDNS,174,"Standard query response 0x0000 TXT MSS210-9f39._hap._tcp.local, ""QU"" question TXT",0.002639
2876,1157387.149733,10.42.0.49,52432.0,10.42.0.13,50535.0,HTTP,135,HTTP/1.1 200 OK  (application/pairing+tlv8),0.048585
2877,1132280.120281,10.42.0.13,50395.0,10.42.0.49,52432.0,TCP,54,50326  >  52432 [ACK] Seq=497 Ack=1782 Win=65535 Len=0,0.004775
2878,351063.108015,10.42.0.13,51347.0,10.42.0.28,80.0,TCP,54,51363  >  80 [ACK] Seq=514 Ack=104 Win=65535 Len=0,0.000105
2879,353509.438522,10.42.0.49,5353.0,10.42.0.13,5353.0,MDNS,174,"Standard query response 0x0000 TXT MSS210-9f39._hap._tcp.local, ""QU"" question TXT",0.001127
2880,1132277.27963,10.42.0.49,61395.0,99.81.71.200,443.0,TLSv1.2,539,Application Data,0.033486
2881,1132277.710435,10.42.0.13,50329.0,10.42.0.49,52432.0,TCP,54,50326  >  52432 [ACK] Seq=496 Ack=1781 Win=65535 Len=0,0.000127
2882,351015.661523,10.42.0.13,51353.0,10.42.0.28,80.0,TCP,54,51353  >  80 [ACK] Seq=1 Ack=1 Win=65535 Len=0,0.000105
2883,1178008.645775,10.42.0.49,61395.0,99.81.71.200,443.0,TLSv1.2,555,Application Data,0.100011
2884,405062.825025,10.42.0.13,51481.0,10.42.0.28,80.0,TCP,54,51405  >  80 [ACK] Seq=483 Ack=102 Win=65535 Len=0,0.000105
2885,419371.77305,10.42.0.49,61389.0,54.216.1.110,443.0,TCP,54,61389  >  443 [ACK] Seq=107452 Ack=1182 Win=5849 Len=0,0.004052
2886,378572.960036,10.42.0.49,61388.0,54.216.1.110,443.0,TLSv1.2,539,Application Data,0.106415
2887,417854.802604,10.42.0.13,62443.0,10.42.0.49,52432.0,TCP,54,62484  >  52432 [ACK] Seq=496 Ack=1781 Win=65535 Len=0,0.004663
2888,1174736.706845,10.42.0.49,5353.0,10.42.0.13,5353.0,MDNS,174,"Standard query response 0x0000 TXT MSS210-9f39._hap._tcp.local, ""QU"" question TXT",0.000655
2889,1183280.657296,10.42.0.49,61395.0,99.81.71.200,443.0,TLSv1.2,539,Application Data,0.150176
2890,351063.604918,10.42.0.49,5353.0,10.42.0.13,5353.0,MDNS,174,"Standard query response 0x0000 TXT MSS210-9f39._hap._tcp.local, ""QU"" question TXT",0.000869
2891,1132277.588629,10.42.0.49,61395.0,99.81.71.200,443.0,TLSv1.2,539,Application Data,0.09811
2892,360014.391328,10.42.0.49,5353.0,224.0.0.251,5353.0,MDNS,291,"Standard query response 0x0000 TXT, cache flush SRV, cache flush 0 0 52432 Meross_Smart_Plug.local A, cache flush 10.42.0.49 AAAA",
2893,351001.326725,10.42.0.13,51388.0,10.42.0.28,80.0,TCP,54,51341  >  80 [ACK] Seq=483 Ack=103 Win=65535 Len=0,0.000241
2894,417874.92605,10.42.0.49,52432.0,10.42.0.13,62481.0,HTTP,135,HTTP/1.1 200 OK  (application/pairing+tlv8),0.044484
2895,1174261.763584,10.42.0.49,61395.0,99.81.71.200,443.0,TLSv1.2,555,Application Data,0.107791
2896,1132277.983455,10.42.0.13,50326.0,10.42.0.49,52432.0,TCP,54,50328  >  52432 [ACK] Seq=496 Ack=1781 Win=65535 Len=0,0.003153
2897,237702.408537,10.42.0.28,80.0,10.42.0.13,51196.0,TCP,54,80  >  51077 [ACK] Seq=1 Ack=482 Win=2439 Len=0,0.002397
2898,1132280.187753,10.42.0.13,50392.0,10.42.0.49,52432.0,TCP,54,50322  >  52432 [ACK] Seq=496 Ack=1781 Win=65535 Len=0,0.002954
2899,1164569.126035,10.42.0.49,61395.0,99.81.71.200,443.0,TCP,54,61395  >  443 [ACK] Seq=25922 Ack=121688 Win=5240 Len=0,0.113318
2900,351019.641225,10.42.0.13,51387.0,10.42.0.28,80.0,TCP,54,51363  >  80 [ACK] Seq=1 Ack=1 Win=65535 Len=0,0.004214
2901,351019.320896,10.42.0.13,51387.0,10.42.0.28,80.0,TCP,54,"51383  >  80 [FIN, ACK] Seq=483 Ack=199 Win=65535 Len=0",0.000101
2902,1141424.810543,10.42.0.49,52432.0,10.42.0.13,50534.0,HTTP,1096,Continuation,0.007117
2903,1132280.593014,10.42.0.49,61395.0,99.81.71.200,443.0,TLSv1.2,123,Application Data,45.81486
2904,1156170.700525,10.42.0.49,52432.0,10.42.0.13,50574.0,TCP,54,52432  >  50532 [ACK] Seq=1781 Ack=497 Win=5344 Len=0,0.000151
2905,351007.566488,10.42.0.13,51341.0,10.42.0.28,80.0,TCP,54,51354  >  80 [ACK] Seq=1 Ack=1 Win=65535 Len=0,0.002109
2906,1158355.27179,10.42.0.13,50557.0,10.42.0.49,52432.0,TCP,54,50555  >  52432 [ACK] Seq=163 Ack=221 Win=65535 Len=0,0.000719
2907,1143187.886633,10.42.0.49,52432.0,10.42.0.13,51064.0,TCP,54,52432  >  50619 [ACK] Seq=1 Ack=163 Win=5678 Len=0,0.106967
2908,423003.487015,10.42.0.13,5353.0,10.42.0.49,5353.0,MDNS,87,"Standard query 0x0000 TXT MSS210-9f39._hap._tcp.local, ""QU"" question",0.000271
2909,1175719.581389,10.42.0.13,50555.0,10.42.0.49,52432.0,TCP,54,50555  >  52432 [ACK] Seq=1 Ack=1 Win=65535 Len=0,0.004551
2910,422073.587126,10.42.0.13,62624.0,10.42.0.49,52432.0,TCP,54,62626  >  52432 [ACK] Seq=414 Ack=302 Win=65535 Len=0,0.000146
2911,1132277.277866,10.42.0.13,50850.0,10.42.0.49,52432.0,TCP,54,50805  >  52432 [ACK] Seq=496 Ack=1781 Win=65535 Len=0,0.005665
2912,351024.991666,10.42.0.13,51387.0,10.42.0.49,52432.0,TCP,54,59872  >  52432 [ACK] Seq=497 Ack=1782 Win=65535 Len=0,0.002645
2913,3741.760708,10.42.0.28,58270.0,52.212.130.239,443.0,TLSv1.2,283,Application Data,0.015017
2914,1149547.688973,10.42.0.49,52432.0,10.42.0.13,50548.0,HTTP,135,HTTP/1.1 200 OK  (application/pairing+tlv8),0.044987
2915,1132277.584965,10.42.0.13,50508.0,10.42.0.49,52432.0,TCP,54,50555  >  52432 [ACK] Seq=496 Ack=1781 Win=65535 Len=0,0.003838
2916,1132277.552574,10.42.0.49,61395.0,99.81.71.200,443.0,TLSv1.2,539,Application Data,0.009993
2917,1152631.062437,10.42.0.49,61395.0,99.81.71.200,443.0,TCP,54,61395  >  443 [ACK] Seq=32008 Ack=130373 Win=5202 Len=0,0.268538
2918,1178003.650639,10.42.0.49,5353.0,10.42.0.13,5353.0,MDNS,174,"Standard query response 0x0000 TXT MSS210-9f39._hap._tcp.local, ""QU"" question TXT",0.001027
2919,1181202.658931,10.42.0.49,52432.0,10.42.0.13,50605.0,TCP,54,52432  >  50556 [ACK] Seq=1 Ack=163 Win=5678 Len=0,0.004651
2920,1178000.596797,10.42.0.13,50756.0,10.42.0.49,52432.0,TCP,54,50755  >  52432 [ACK] Seq=163 Ack=221 Win=65535 Len=0,0.000352
2921,1132277.529664,10.42.0.49,52432.0,10.42.0.13,50327.0,HTTP,1096,Continuation,0.006679
2922,1175358.731077,10.42.0.49,61395.0,99.81.71.200,443.0,TLSv1.2,555,Application Data,0.075052
2923,351019.324116,10.42.0.28,80.0,10.42.0.13,51368.0,TCP,58,"80  >  51383 [SYN, ACK] Seq=0 Ack=1 Win=2920 Len=0 MSS=1460",0.001019
2924,1132276.52677,10.42.0.13,50325.0,10.42.0.49,52432.0,TCP,54,50328  >  52432 [ACK] Seq=497 Ack=1782 Win=65535 Len=0,0.003356
2925,1178006.640628,10.42.0.13,50914.0,10.42.0.49,52432.0,TCP,54,50941  >  52432 [ACK] Seq=496 Ack=1781 Win=65535 Len=0,0.003396
2926,351019.533144,10.42.0.13,51387.0,10.42.0.28,80.0,TCP,54,51394  >  80 [ACK] Seq=514 Ack=103 Win=65535 Len=0,0.000106
2927,1143475.258211,10.42.0.49,5353.0,10.42.0.13,5353.0,MDNS,174,"Standard query response 0x0000 TXT MSS210-9f39._hap._tcp.local, ""QU"" question TXT",0.000789
2928,351019.05783,10.42.0.13,51363.0,10.42.0.28,80.0,TCP,54,51343  >  80 [ACK] Seq=1 Ack=1 Win=65535 Len=0,0.004105
2929,238904.225825,10.42.0.13,59344.0,10.42.0.49,52432.0,TCP,54,59492  >  52432 [ACK] Seq=496 Ack=1781 Win=65535 Len=0,0.003132
2930,1152942.53079,10.42.0.49,52432.0,10.42.0.13,50555.0,TCP,54,52432  >  50532 [ACK] Seq=1781 Ack=497 Win=5344 Len=0,0.001057
2931,351019.623452,10.42.0.13,51387.0,10.42.0.28,80.0,TCP,54,51363  >  80 [ACK] Seq=1 Ack=1 Win=65535 Len=0,0.004395
2932,1132277.560629,10.42.0.13,50328.0,10.42.0.49,52432.0,TCP,54,50326  >  52432 [ACK] Seq=496 Ack=1781 Win=65535 Len=0,0.000117
2933,351019.702021,10.42.0.13,51347.0,10.42.0.28,80.0,TCP,54,51341  >  80 [ACK] Seq=1 Ack=1 Win=65535 Len=0,0.00105
2934,351019.610891,10.42.0.13,51364.0,10.42.0.28,80.0,TCP,54,51393  >  80 [ACK] Seq=1 Ack=1 Win=65535 Len=0,0.004119
2935,351019.649461,10.42.0.13,51388.0,10.42.0.28,80.0,TCP,54,51393  >  80 [ACK] Seq=483 Ack=102 Win=65535 Len=0,0.000104
2936,1132277.207771,10.42.0.13,65052.0,10.42.0.28,80.0,TCP,54,65052  >  80 [ACK] Seq=483 Ack=103 Win=65535 Len=0,0.000107
2937,351001.40019,10.42.0.13,51353.0,10.42.0.28,80.0,TCP,54,51381  >  80 [ACK] Seq=1 Ack=1 Win=65535 Len=0,0.000101
2938,351019.908691,10.42.0.13,51378.0,10.42.0.28,80.0,TCP,54,51393  >  80 [ACK] Seq=1 Ack=1 Win=65535 Len=0,0.001051
2939,1150942.057577,10.42.0.13,50552.0,10.42.0.49,52432.0,TCP,54,50555  >  52432 [ACK] Seq=496 Ack=1781 Win=65535 Len=0,0.003877
2940,1174541.858113,10.42.0.49,52432.0,10.42.0.13,50694.0,HTTP,1096,Continuation,0.006534
2941,1132276.530823,10.42.0.13,50340.0,10.42.0.49,52432.0,TCP,54,50324  >  52432 [ACK] Seq=496 Ack=1344 Win=65535 Len=0,0.004659
2942,1163939.99677,10.42.0.49,52432.0,10.42.0.13,50703.0,HTTP,135,HTTP/1.1 200 OK  (application/pairing+tlv8),0.044758
2943,238903.513898,10.42.0.28,80.0,10.42.0.13,51178.0,TCP,58,"80  >  51182 [SYN, ACK] Seq=0 Ack=1 Win=2920 Len=0 MSS=1460",0.00101
2944,353509.111251,10.42.0.13,51365.0,10.42.0.28,80.0,TCP,54,51351  >  80 [ACK] Seq=1 Ack=1 Win=65535 Len=0,0.004694
2945,1164723.65231,10.42.0.49,52432.0,10.42.0.13,50703.0,HTTP,1096,Continuation,0.006303
2946,1161819.04141,10.42.0.13,50636.0,10.42.0.49,52432.0,TCP,54,50611  >  52432 [ACK] Seq=414 Ack=302 Win=65535 Len=0,0.000117
2947,1183616.53502,10.42.0.49,52432.0,10.42.0.13,50602.0,TCP,54,52432  >  50521 [ACK] Seq=1 Ack=163 Win=5678 Len=0,0.002594
2948,1132277.20929,10.42.0.13,50341.0,10.42.0.49,52432.0,TCP,54,50324  >  52432 [ACK] Seq=496 Ack=1344 Win=65535 Len=0,0.003259
2949,1163177.234332,10.42.0.49,5353.0,10.42.0.13,5353.0,MDNS,174,"Standard query response 0x0000 TXT MSS210-9f39._hap._tcp.local, ""QU"" question TXT",0.004865
2950,1181202.407777,10.42.0.49,52432.0,10.42.0.13,50881.0,HTTP,491,Continuation,0.007136
2951,356896.535796,10.42.0.49,5353.0,10.42.0.13,5353.0,MDNS,174,"Standard query response 0x0000 TXT MSS210-9f39._hap._tcp.local, ""QU"" question TXT",0.00093
2952,263400.568425,10.42.0.13,52327.0,10.42.0.28,80.0,TCP,54,52328  >  80 [ACK] Seq=482 Ack=102 Win=65535 Len=0,0.000107
2953,1138202.880889,10.42.0.13,5353.0,10.42.0.49,5353.0,MDNS,87,"Standard query 0x0000 TXT MSS210-9f39._hap._tcp.local, ""QU"" question",0.002086
2954,1132277.814584,10.42.0.13,50329.0,10.42.0.49,52432.0,TCP,54,50326  >  52432 [ACK] Seq=496 Ack=1344 Win=65535 Len=0,0.005662
2955,376635.792699,10.42.0.49,5353.0,10.42.0.13,5353.0,MDNS,174,"Standard query response 0x0000 TXT MSS210-9f39._hap._tcp.local, ""QU"" question TXT",0.000131
2956,1170554.96856,10.42.0.49,52432.0,10.42.0.13,50522.0,TCP,54,52432  >  50532 [ACK] Seq=1 Ack=163 Win=5678 Len=0,0.003745
2957,1164539.899683,10.42.0.49,61395.0,99.81.71.200,443.0,TLSv1.2,123,Application Data,31.40084
2958,315228.265582,10.42.0.13,59809.0,10.42.0.28,80.0,TCP,54,59895  >  80 [ACK] Seq=1 Ack=1 Win=65535 Len=0,0.000101
2959,351024.043911,10.42.0.13,51381.0,10.42.0.28,80.0,TCP,54,51341  >  80 [ACK] Seq=1 Ack=1 Win=65535 Len=0,0.000104
2960,255908.063785,10.42.0.13,52741.0,10.42.0.28,80.0,TCP,54,52746  >  80 [ACK] Seq=482 Ack=102 Win=65535 Len=0,0.001011
2961,1144116.81362,10.42.0.49,52432.0,10.42.0.13,50504.0,TCP,54,52432  >  50532 [ACK] Seq=1 Ack=163 Win=5678 Len=0,0.004861
2962,1139473.85329,10.42.0.49,52432.0,10.42.0.13,50363.0,TCP,54,52432  >  50364 [ACK] Seq=1 Ack=163 Win=5678 Len=0,0.103589
2963,1178007.448913,10.42.0.49,5353.0,10.42.0.13,5353.0,MDNS,270,"Standard query response 0x0000 PTR _hap._tcp.local, ""QU"" question PTR MSS210-9f39._hap._tcp.local SRV 0 0 52432 Meross_Smart_Pl",
2964,1154270.479086,10.42.0.49,5353.0,224.0.0.251,5353.0,MDNS,291,"Standard query response 0x0000 TXT, cache flush SRV, cache flush 0 0 52432 Meross_Smart_Plug.local A, cache flush 10.42.0.49 AAA",
2965,1154900.602968,10.42.0.49,5353.0,10.42.0.13,5353.0,MDNS,174,"Standard query response 0x0000 TXT MSS210-9f39._hap._tcp.local, ""QU"" question TXT",0.001126
2966,351019.531527,10.42.0.28,80.0,10.42.0.13,51366.0,TCP,54,80  >  51365 [ACK] Seq=1 Ack=482 Win=2438 Len=0,0.003225
2967,1138203.895489,10.42.0.13,50395.0,10.42.0.49,52432.0,TCP,54,50535  >  52432 [ACK] Seq=496 Ack=1344 Win=65535 Len=0,0.003575
2968,351019.014166,10.42.0.28,80.0,10.42.0.13,51381.0,TCP,54,80  >  51341 [ACK] Seq=1 Ack=483 Win=2438 Len=0,0.002552
2969,1132277.415741,10.42.0.49,61395.0,99.81.71.200,443.0,TLSv1.2,555,Application Data,0.10536
2970,1182027.425129,10.42.0.13,59181.0,10.42.0.49,52432.0,TCP,54,51059  >  52432 [ACK] Seq=163 Ack=221 Win=65535 Len=0,0.001016
2971,1156827.69642,10.42.0.49,61395.0,99.81.71.200,443.0,TLSv1.2,539,Application Data,0.100041
2972,416844.677802,10.42.0.13,62439.0,10.42.0.49,52432.0,TCP,54,62484  >  52432 [ACK] Seq=496 Ack=1781 Win=65535 Len=0,0.000551
2973,1161121.624388,10.42.0.49,52432.0,10.42.0.13,50495.0,TCP,54,52432  >  50491 [ACK] Seq=1 Ack=163 Win=5678 Len=0,0.150245
2974,1183202.617111,10.42.0.13,50955.0,10.42.0.49,52432.0,TCP,54,50559  >  52432 [ACK] Seq=414 Ack=302 Win=65535 Len=0,0.000175
2975,377111.117519,10.42.0.13,61959.0,10.42.0.49,52432.0,TCP,54,61979  >  52432 [ACK] Seq=1 Ack=1 Win=65535 Len=0,0.003113
2976,1170584.028416,10.42.0.13,50712.0,10.42.0.49,52432.0,TCP,54,50707  >  52432 [ACK] Seq=496 Ack=1781 Win=65535 Len=0,0.006499
2977,1170389.99334,10.42.0.49,5353.0,10.42.0.13,5353.0,MDNS,174,"Standard query response 0x0000 TXT MSS210-9f39._hap._tcp.local, ""QU"" question TXT",0.008958
2978,351019.170886,10.42.0.49,5353.0,10.42.0.13,5353.0,MDNS,174,"Standard query response 0x0000 TXT MSS210-9f39._hap._tcp.local, ""QU"" question TXT",0.00011
2979,316193.637392,10.42.0.49,5353.0,10.42.0.13,5353.0,MDNS,174,"Standard query response 0x0000 TXT MSS210-9f39._hap._tcp.local, ""QU"" question TXT",0.008122
2980,416848.141646,10.42.0.49,52432.0,10.42.0.13,62541.0,HTTP,135,HTTP/1.1 200 OK  (application/pairing+tlv8),0.041358
2981,1149317.954187,10.42.0.49,52432.0,10.42.0.13,50496.0,TCP,54,[TCP Keep-Alive ACK] 52432  >  50941 [ACK] Seq=1781 Ack=496 Win=5345 Len=0,0.00
2982,351019.57868,10.42.0.49,52432.0,10.42.0.13,61823.0,TCP,54,52432  >  61871 [ACK] Seq=1 Ack=163 Win=5678 Len=0,0.001025
2983,1166739.669972,10.42.0.49,61395.0,99.81.71.200,443.0,TLSv1.2,123,Application Data,36.752833
2984,422073.526669,10.42.0.13,62609.0,10.42.0.49,52432.0,TCP,54,62602  >  52432 [ACK] Seq=496 Ack=1781 Win=65535 Len=0,0.000364
2985,353509.490852,10.42.0.13,51382.0,10.42.0.28,80.0,TCP,54,51364  >  80 [ACK] Seq=1 Ack=1 Win=65535 Len=0,0.000101
2986,351002.11065,10.42.0.28,80.0,10.42.0.13,51365.0,TCP,58,"80  >  51383 [SYN, ACK] Seq=0 Ack=1 Win=2920 Len=0 MSS=1460",0.001117
2987,351001.642857,10.42.0.13,51394.0,10.42.0.28,80.0,TCP,54,51352  >  80 [ACK] Seq=483 Ack=103 Win=65535 Len=0,0.000115
2988,243592.516655,10.42.0.13,52686.0,10.42.0.49,52432.0,TCP,54,59605  >  52432 [ACK] Seq=1 Ack=1 Win=65535 Len=0,0.001656
2989,1149318.61576,10.42.0.49,52432.0,10.42.0.13,50535.0,TCP,54,"52432  >  50505 [FIN, ACK] Seq=1781 Ack=497 Win=5344 Len=0",0.004531
2990,1141423.880763,10.42.0.13,50526.0,10.42.0.49,52432.0,TCP,54,50636  >  52432 [ACK] Seq=414 Ack=302 Win=65535 Len=0,0.000159
2991,371711.559385,10.42.0.49,5353.0,10.42.0.13,5353.0,MDNS,174,"Standard query response 0x0000 TXT MSS210-9f39._hap._tcp.local, ""QU"" question TXT",0.000456
2992,1166176.512796,10.42.0.49,52432.0,10.42.0.13,50708.0,TCP,54,52432  >  50610 [ACK] Seq=1 Ack=163 Win=5678 Len=0,0.003256
2993,1143174.243554,10.42.0.49,5353.0,10.42.0.13,5353.0,MDNS,174,"Standard query response 0x0000 TXT MSS210-9f39._hap._tcp.local, ""QU"" question TXT",0.000294
2994,356506.662687,10.42.0.49,61388.0,54.216.1.110,443.0,TLSv1.2,555,Application Data,0.108477
2995,1171228.832933,10.42.0.13,50395.0,10.42.0.49,52432.0,TCP,54,50325  >  52432 [ACK] Seq=496 Ack=1781 Win=65535 Len=0,0.003795
2996,1132277.480641,10.42.0.13,50395.0,10.42.0.49,52432.0,TCP,54,50323  >  52432 [ACK] Seq=496 Ack=1781 Win=65535 Len=0,0.003233
2997,350989.104866,10.42.0.13,51719.0,10.42.0.28,80.0,TCP,54,51381  >  80 [ACK] Seq=1 Ack=1 Win=65535 Len=0,0.002232
2998,1132277.586311,10.42.0.49,61395.0,99.81.71.200,443.0,TLSv1.2,539,Application Data,0.01531
2999,1163939.50979,10.42.0.49,61395.0,99.81.71.200,443.0,TLSv1.2,123,Application Data,2.734677
3000,1178006.113472,10.42.0.49,52432.0,10.42.0.13,50717.0,TCP,54,52432  >  50722 [ACK] Seq=1 Ack=163 Win=5678 Len=0,0.004569
3001,1170573.93229,10.42.0.49,61395.0,99.81.71.200,443.0,TLSv1.2,539,Application Data,0.125337
3002,237086.284111,10.42.0.13,51074.0,10.42.0.28,80.0,TCP,54,51001  >  80 [ACK] Seq=1 Ack=1 Win=65535 Len=0,0.004334
3003,1149001.256034,10.42.0.49,52432.0,10.42.0.13,50524.0,TCP,54,52432  >  50524 [ACK] Seq=1781 Ack=497 Win=5344 Len=0,0.003655
3004,1137325.322386,10.42.0.13,50325.0,10.42.0.49,52432.0,TCP,54,50320  >  52432 [ACK] Seq=496 Ack=1781 Win=65535 Len=0,0.003103
3005,255906.996734,10.42.0.13,52741.0,10.42.0.28,80.0,TCP,54,52749  >  80 [ACK] Seq=1 Ack=1 Win=65535 Len=0,0.000145
3006,1171208.645577,10.42.0.49,61395.0,99.81.71.200,443.0,TCP,54,61395  >  443 [ACK] Seq=107742 Ack=1597 Win=5349 Len=0,0.007115
3007,1175038.589494,10.42.0.13,50859.0,10.42.0.49,52432.0,TCP,54,50553  >  52432 [ACK] Seq=1 Ack=1 Win=65535 Len=0,0.003022
3008,405121.583066,10.42.0.13,51490.0,10.42.0.28,80.0,TCP,54,51496  >  80 [ACK] Seq=483 Ack=102 Win=65535 Len=0,0.000118
3009,1152926.022565,10.42.0.13,50578.0,10.42.0.49,52432.0,TCP,54,50590  >  52432 [ACK] Seq=414 Ack=302 Win=65535 Len=0,0.000379
3010,1142630.805834,10.42.0.49,5353.0,10.42.0.13,5353.0,MDNS,174,"Standard query response 0x0000 TXT MSS210-9f39._hap._tcp.local, ""QU"" question TXT",0.000326
3011,351024.903343,10.42.0.13,51381.0,10.42.0.28,80.0,TCP,54,51381  >  80 [ACK] Seq=514 Ack=103 Win=65535 Len=0,0.000113
3012,405121.553353,10.42.0.13,51496.0,10.42.0.28,80.0,TCP,54,51495  >  80 [ACK] Seq=1 Ack=1 Win=65535 Len=0,0.000105
3013,316030.460137,10.42.0.49,5353.0,10.42.0.13,5353.0,MDNS,174,"Standard query response 0x0000 TXT MSS210-9f39._hap._tcp.local, ""QU"" question TXT",0.002632
3014,1149716.90045,10.42.0.13,5353.0,10.42.0.49,5353.0,MDNS,87,"Standard query 0x0000 TXT MSS210-9f39._hap._tcp.local, ""QU"" question",0.170106
3015,1170517.419442,10.42.0.49,5353.0,10.42.0.13,5353.0,MDNS,174,"Standard query response 0x0000 TXT MSS210-9f39._hap._tcp.local, ""QU"" question TXT",0.01073
3016,1166723.58605,10.42.0.49,5353.0,10.42.0.13,5353.0,MDNS,174,"Standard query response 0x0000 TXT MSS210-9f39._hap._tcp.local, ""QU"" question TXT",0.008833
3017,1171120.998863,10.42.0.49,52432.0,10.42.0.13,50856.0,TCP,54,52432  >  50836 [ACK] Seq=1 Ack=163 Win=5678 Len=0,0.001025
3018,373203.533834,10.42.0.13,61938.0,10.42.0.49,80.0,TCP,54,50388  >  80 [ACK] Seq=483 Ack=103 Win=65535 Len=0,0.000103
3019,351008.46853,10.42.0.49,5353.0,10.42.0.13,5353.0,MDNS,174,"Standard query response 0x0000 TXT MSS210-9f39._hap._tcp.local, ""QU"" question TXT",0.001034
3020,422072.330796,10.42.0.13,64404.0,10.42.0.49,52432.0,TCP,54,62604  >  52432 [ACK] Seq=1 Ack=1 Win=65535 Len=0,0.000156
3021,1152781.677363,10.42.0.49,52432.0,10.42.0.13,50819.0,TCP,54,52432  >  50836 [ACK] Seq=1 Ack=163 Win=5678 Len=0,0.002468
3022,353509.459326,10.42.0.13,51504.0,10.42.0.28,80.0,TCP,54,51387  >  80 [ACK] Seq=1 Ack=1 Win=65535 Len=0,0.000115
3023,1156077.798545,10.42.0.49,61395.0,99.81.71.200,443.0,TLSv1.2,539,Application Data,0.122286
3024,1145601.575745,10.42.0.49,52432.0,10.42.0.13,50557.0,TCP,54,52432  >  50505 [ACK] Seq=1781 Ack=497 Win=5344 Len=0,0.000858
3025,1141444.870686,10.42.0.49,52432.0,10.42.0.13,50548.0,TCP,54,"52432  >  50856 [FIN, ACK] Seq=1781 Ack=497 Win=5344 Len=0",0.005049
3026,1178000.552869,10.42.0.13,5353.0,10.42.0.49,5353.0,MDNS,87,"Standard query 0x0000 TXT MSS210-9f39._hap._tcp.local, ""QU"" question",0.000265
3027,1183202.666072,10.42.0.13,50599.0,10.42.0.49,52432.0,TCP,54,50941  >  52432 [ACK] Seq=496 Ack=1781 Win=65535 Len=0,0.004876
3028,351024.901025,10.42.0.13,51349.0,10.42.0.28,80.0,TCP,54,51399  >  80 [ACK] Seq=1 Ack=1 Win=65535 Len=0,0.00425
3029,1171129.535755,10.42.0.49,52432.0,10.42.0.13,50555.0,HTTP,135,HTTP/1.1 200 OK  (application/pairing+tlv8),0.045152
3030,1161466.002136,10.42.0.49,61395.0,99.81.71.200,443.0,TCP,54,61395  >  443 [ACK] Seq=20122 Ack=221999 Win=5249 Len=0,0.272179
3031,1132277.771955,10.42.0.13,65052.0,10.42.0.49,52432.0,TCP,54,50562  >  52432 [ACK] Seq=1 Ack=1 Win=65535 Len=0,0.002223
3032,1178006.629489,10.42.0.49,52432.0,10.42.0.13,50948.0,TCP,54,52432  >  50864 [ACK] Seq=1 Ack=163 Win=5678 Len=0,0.111629
3033,1132276.627691,10.42.0.49,61395.0,99.81.71.200,443.0,TCP,54,61395  >  443 [ACK] Seq=211207 Ack=13189 Win=5849 Len=0,0.219134
3034,1178006.446835,10.42.0.49,5353.0,10.42.0.13,5353.0,MDNS,174,"Standard query response 0x0000 TXT MSS210-9f39._hap._tcp.local, ""QU"" question TXT",0.011175
3035,1155727.087745,10.42.0.49,61395.0,99.81.71.200,443.0,TLSv1.2,123,Application Data,11.747388
3036,1149547.521846,10.42.0.49,61395.0,99.81.71.200,443.0,TLSv1.2,539,Application Data,0.099787
3037,1183629.996738,10.42.0.49,52432.0,10.42.0.13,50862.0,HTTP,135,HTTP/1.1 200 OK  (application/pairing+tlv8),0.049824
3038,316193.593879,10.42.0.49,61387.0,54.216.1.110,443.0,TLSv1.2,539,Application Data,0.109817
3039,1150942.57557,10.42.0.13,50552.0,10.42.0.49,52432.0,TCP,54,50555  >  52432 [ACK] Seq=1 Ack=1 Win=65535 Len=0,0.003887
3040,1132277.589799,10.42.0.49,61395.0,99.81.71.200,443.0,TCP,54,61395  >  443 [ACK] Seq=32574 Ack=33197 Win=5111 Len=0,0.228321
3041,235925.503691,10.42.0.13,50910.0,10.42.0.28,80.0,TCP,54,50960  >  80 [ACK] Seq=1 Ack=1 Win=65535 Len=0,0.000111
3042,1132277.140252,10.42.0.13,50349.0,10.42.0.49,52432.0,TCP,54,50325  >  52432 [ACK] Seq=496 Ack=1781 Win=65535 Len=0,0.003116
3043,1148947.51389,10.42.0.49,5353.0,10.42.0.13,5353.0,MDNS,174,"Standard query response 0x0000 TXT MSS210-9f39._hap._tcp.local, ""QU"" question TXT",0.01022
3044,1132277.520881,10.42.0.49,5353.0,10.42.0.13,5353.0,MDNS,270,"Standard query response 0x0000 PTR _hap._tcp.local, ""QU"" question PTR MSS210-9f39._hap._tcp.local SRV 0 0 52432 Meross_Smart_Pl",
3045,1132277.716121,10.42.0.13,50329.0,10.42.0.49,52432.0,TCP,54,50327  >  52432 [ACK] Seq=497 Ack=1782 Win=65535 Len=0,0.001643
3046,360017.340324,10.42.0.49,52432.0,10.42.0.13,61872.0,HTTP,491,Continuation,0.004744
3047,1161325.333018,10.42.0.49,61395.0,99.81.71.200,443.0,TLSv1.2,539,Application Data,0.10843
3048,1156078.456262,10.42.0.49,52432.0,10.42.0.13,50528.0,TCP,54,52432  >  50553 [ACK] Seq=1781 Ack=497 Win=5344 Len=0,0.000112
3049,375588.587528,10.42.0.49,61388.0,54.216.1.110,443.0,TCP,54,61388  >  443 [ACK] Seq=11986 Ack=31111 Win=5702 Len=0,0.107097
3050,1139325.783935,10.42.0.49,5353.0,10.42.0.13,5353.0,MDNS,270,"Standard query response 0x0000 PTR _hap._tcp.local, ""QU"" question PTR MSS210-9f39._hap._tcp.local SRV 0 0 52432 Meross_Smart_Pl",
3051,351024.830119,10.42.0.13,51384.0,10.42.0.28,80.0,TCP,54,51381  >  80 [ACK] Seq=483 Ack=103 Win=65535 Len=0,0.000105
3052,351019.91256,10.42.0.49,5353.0,10.42.0.13,5353.0,MDNS,174,"Standard query response 0x0000 TXT MSS210-9f39._hap._tcp.local, ""QU"" question TXT",0.010589
3053,1156069.68752,10.42.0.49,52432.0,10.42.0.13,50701.0,TCP,54,52432  >  50532 [ACK] Seq=1781 Ack=497 Win=5344 Len=0,0.000258
3054,410994.121926,10.42.0.49,61389.0,54.216.1.110,443.0,TLSv1.2,555,Application Data,0.05946
3055,351019.547812,10.42.0.49,5353.0,10.42.0.13,5353.0,MDNS,174,"Standard query response 0x0000 TXT MSS210-9f39._hap._tcp.local, ""QU"" question TXT",0.010871
3056,1132277.98348,10.42.0.13,50328.0,10.42.0.49,52432.0,TCP,54,50828  >  52432 [ACK] Seq=497 Ack=1782 Win=65535 Len=0,0.003257
3057,1155350.687428,10.42.0.49,61395.0,99.81.71.200,443.0,TLSv1.2,539,Application Data,0.013722
3058,365048.392927,10.42.0.49,52432.0,10.42.0.13,61810.0,TCP,54,52432  >  61871 [ACK] Seq=1 Ack=163 Win=5678 Len=0,0.117291
3059,351008.145113,10.42.0.28,80.0,10.42.0.13,51387.0,TCP,54,80  >  51347 [ACK] Seq=1 Ack=483 Win=2438 Len=0,0.002833
3060,1166811.071657,10.42.0.13,50625.0,10.42.0.49,52432.0,TCP,54,50560  >  52432 [ACK] Seq=414 Ack=302 Win=65535 Len=0,0.000111
3061,1170329.505794,10.42.0.49,61395.0,99.81.71.200,443.0,TCP,54,61395  >  443 [ACK] Seq=22030 Ack=121668 Win=5840 Len=0,0.203767
3062,351015.571663,10.42.0.49,5353.0,10.42.0.13,5353.0,MDNS,174,"Standard query response 0x0000 TXT MSS210-9f39._hap._tcp.local, ""QU"" question TXT",0.001123
3063,1152901.498267,10.42.0.49,52432.0,10.42.0.13,50554.0,TCP,54,"52432  >  50506 [FIN, ACK] Seq=1781 Ack=497 Win=5344 Len=0",0.005101
3064,1178000.194581,10.42.0.49,52432.0,10.42.0.13,50533.0,TCP,54,52432  >  50532 [ACK] Seq=1 Ack=163 Win=5678 Len=0,0.103539
3065,1147428.680792,10.42.0.49,61395.0,99.81.71.200,443.0,TLSv1.2,123,Application Data,1.998968
3066,351002.304968,10.42.0.13,51341.0,10.42.0.28,80.0,TCP,54,51386  >  80 [ACK] Seq=515 Ack=104 Win=65535 Len=0,0.000101
3067,1155312.884039,10.42.0.13,50552.0,10.42.0.49,52432.0,TCP,54,50551  >  52432 [ACK] Seq=163 Ack=221 Win=65535 Len=0,0.003126
3068,3741.24731,10.42.0.28,80.0,10.42.0.140,59854.0,TCP,54,80  >  59850 [ACK] Seq=1 Ack=483 Win=2438 Len=0,0.002996
3069,1145616.184028,10.42.0.49,52432.0,10.42.0.13,50526.0,TCP,54,52432  >  50532 [ACK] Seq=1 Ack=163 Win=5678 Len=0,0.104869
3070,1158389.414579,10.42.0.49,61395.0,99.81.71.200,443.0,TCP,54,61395  >  443 [ACK] Seq=11078 Ack=58990 Win=5840 Len=0,0.205987
3071,1145629.893658,10.42.0.13,50508.0,10.42.0.49,52432.0,TCP,54,50562  >  52432 [ACK] Seq=496 Ack=1781 Win=65535 Len=0,0.001021
3072,405153.588726,10.42.0.13,51508.0,10.42.0.28,80.0,TCP,54,51528  >  80 [ACK] Seq=483 Ack=103 Win=65535 Len=0,0.000105
3073,1166707.237082,10.42.0.49,61395.0,99.81.71.200,443.0,TCP,54,61395  >  443 [ACK] Seq=28696 Ack=131199 Win=5249 Len=0,0.157953
3074,3741.27405,10.42.0.28,80.0,10.42.0.140,59872.0,TCP,54,80  >  59852 [ACK] Seq=1 Ack=483 Win=2438 Len=0,0.002349
3075,351019.932363,10.42.0.28,80.0,10.42.0.13,51365.0,TCP,54,80  >  51377 [ACK] Seq=1 Ack=483 Win=2438 Len=0,0.002389
3076,1132277.587522,10.42.0.49,61395.0,99.81.71.200,443.0,TLSv1.2,539,Application Data,0.015317
3077,1155828.23249,10.42.0.13,50919.0,10.42.0.28,80.0,TCP,54,59199  >  80 [ACK] Seq=1 Ack=1 Win=65535 Len=0,0.004967
3078,1174787.415899,10.42.0.49,52432.0,10.42.0.13,50889.0,TCP,54,52432  >  50853 [ACK] Seq=1 Ack=163 Win=5678 Len=0,0.002598
3079,412269.93963,10.42.0.49,52432.0,10.42.0.13,62549.0,TCP,54,52432  >  62921 [ACK] Seq=1 Ack=163 Win=5678 Len=0,0.001486
3080,351008.488051,10.42.0.13,51353.0,10.42.0.28,80.0,TCP,54,51353  >  80 [ACK] Seq=1 Ack=1 Win=65535 Len=0,0.000105
3081,351019.647325,10.42.0.13,51381.0,10.42.0.28,80.0,TCP,54,51387  >  80 [ACK] Seq=483 Ack=103 Win=65535 Len=0,0.000118
3082,1132277.981619,10.42.0.49,61395.0,99.81.71.200,443.0,TCP,54,61395  >  443 [ACK] Seq=34876 Ack=121908 Win=5111 Len=0,0.200288
3083,1141143.886052,10.42.0.49,52432.0,10.42.0.13,50494.0,TCP,54,52432  >  50504 [ACK] Seq=1 Ack=163 Win=5678 Len=0,0.103021
3084,351063.089115,10.42.0.13,51387.0,10.42.0.28,80.0,TCP,54,51371  >  80 [ACK] Seq=483 Ack=103 Win=65535 Len=0,0.000105
3085,242731.152553,10.42.0.49,52432.0,10.42.0.13,59481.0,HTTP,274,HTTP/1.1 200 OK  (application/pairing+tlv8),0.045768
3086,1182027.457746,10.42.0.13,50992.0,10.42.0.28,80.0,TCP,54,59175  >  80 [ACK] Seq=1 Ack=1 Win=65535 Len=0,0.000105
3087,351008.335415,10.42.0.13,51388.0,10.42.0.28,80.0,TCP,54,51343  >  80 [ACK] Seq=483 Ack=103 Win=65535 Len=0,0.001026
3088,1158387.657192,10.42.0.49,61395.0,99.81.71.200,443.0,TLSv1.2,539,Application Data,0.108077
3089,411001.679511,10.42.0.49,61389.0,54.216.1.110,443.0,TLSv1.2,555,Application Data,0.107925
3090,1156830.977544,10.42.0.49,52432.0,10.42.0.13,50565.0,TCP,54,[TCP Keep-Alive ACK] 52432  >  50586 [ACK] Seq=1781 Ack=496 Win=5345 Len=0,0.00
3091,1178006.502275,10.42.0.13,50852.0,10.42.0.49,52432.0,TCP,54,50856  >  52432 [ACK] Seq=1 Ack=1 Win=65535 Len=0,0.005754
3092,1158250.815983,10.42.0.49,5353.0,10.42.0.13,5353.0,MDNS,174,"Standard query response 0x0000 TXT MSS210-9f39._hap._tcp.local, ""QU"" question TXT",0.000265
3093,1158388.410671,10.42.0.49,52432.0,10.42.0.13,50494.0,TCP,54,52432  >  50549 [ACK] Seq=1 Ack=163 Win=5678 Len=0,0.003799
3094,324132.965965,10.42.0.13,59474.0,10.42.0.49,52432.0,TCP,54,59484  >  52432 [ACK] Seq=496 Ack=1781 Win=65535 Len=0,0.007321
3095,1132277.288075,10.42.0.13,50328.0,10.42.0.49,52432.0,TCP,54,50326  >  52432 [ACK] Seq=1 Ack=1 Win=65535 Len=0,0.003275
3096,255907.078545,10.42.0.13,52748.0,10.42.0.28,80.0,TCP,54,52728  >  80 [ACK] Seq=482 Ack=102 Win=65535 Len=0,0.000105
3097,1158290.693379,10.42.0.49,5353.0,10.42.0.13,5353.0,MDNS,174,"Standard query response 0x0000 TXT MSS210-9f39._hap._tcp.local, ""QU"" question TXT",0.000975
3098,1164778.586536,10.42.0.49,61395.0,99.81.71.200,443.0,TLSv1.2,539,Application Data,0.101187
3099,1178006.878675,10.42.0.49,5353.0,10.42.0.13,5353.0,MDNS,174,"Standard query response 0x0000 TXT MSS210-9f39._hap._tcp.local, ""QU"" question TXT",0.000125
3100,1132277.96546,10.42.0.49,61395.0,99.81.71.200,443.0,TLSv1.2,539,Application Data,0.060067
3101,422073.508011,10.42.0.13,62601.0,10.42.0.49,52432.0,TCP,54,62002  >  52432 [ACK] Seq=496 Ack=1781 Win=65535 Len=0,0.003924
3102,351019.647043,10.42.0.13,51387.0,10.42.0.28,80.0,TCP,54,51393  >  80 [ACK] Seq=1 Ack=1 Win=65535 Len=0,0.004688
3103,1167453.698854,10.42.0.49,5353.0,10.42.0.13,5353.0,MDNS,174,"Standard query response 0x0000 TXT MSS210-9f39._hap._tcp.local, ""QU"" question TXT",0.000928
3104,351019.582129,10.42.0.13,51374.0,10.42.0.28,80.0,TCP,54,51394  >  80 [ACK] Seq=514 Ack=104 Win=65535 Len=0,0.000127
3105,1144778.860365,10.42.0.49,52432.0,10.42.0.13,50522.0,HTTP,274,HTTP/1.1 200 OK  (application/pairing+tlv8),0.321417
3106,1149718.806638,10.42.0.49,52432.0,10.42.0.13,50602.0,HTTP,135,HTTP/1.1 200 OK  (application/pairing+tlv8),0.044101
3107,1164569.42663,10.42.0.49,52432.0,10.42.0.13,50722.0,HTTP,135,HTTP/1.1 200 OK  (application/pairing+tlv8),0.046296
3108,1132277.53254,10.42.0.49,52432.0,10.42.0.13,50546.0,TCP,54,52432  >  50506 [ACK] Seq=1781 Ack=497 Win=5344 Len=0,0.000297
3109,1183202.652839,10.42.0.13,59139.0,10.42.0.28,80.0,TCP,54,59199  >  80 [ACK] Seq=483 Ack=103 Win=65535 Len=0,0.000126
3110,1144421.073923,10.42.0.49,52432.0,10.42.0.13,50541.0,HTTP,491,Continuation,0.000745
3111,1178000.619685,10.42.0.13,50948.0,10.42.0.49,52432.0,TCP,54,50948  >  52432 [ACK] Seq=1 Ack=1 Win=65535 Len=0,0.004883
3112,320015.577916,10.42.0.13,59687.0,10.42.0.49,52432.0,TCP,54,59876  >  52432 [ACK] Seq=496 Ack=1781 Win=65535 Len=0,0.003689
3113,1178006.070285,10.42.0.13,5353.0,10.42.0.49,5353.0,MDNS,87,"Standard query 0x0000 TXT MSS210-9f39._hap._tcp.local, ""QU"" question",0.010441
3114,1156932.02129,10.42.0.49,52432.0,10.42.0.13,50548.0,TCP,54,52432  >  50532 [ACK] Seq=1 Ack=163 Win=5678 Len=0,0.003977
3115,1132277.853029,10.42.0.13,50326.0,10.42.0.49,52432.0,TCP,54,50325  >  52432 [ACK] Seq=496 Ack=1344 Win=65535 Len=0,0.000333
3116,248731.580796,10.42.0.49,52432.0,10.42.0.13,59481.0,HTTP,135,HTTP/1.1 200 OK  (application/pairing+tlv8),0.049945
3117,1132276.230551,10.42.0.49,61395.0,99.81.71.200,443.0,TCP,54,61395  >  443 [ACK] Seq=12097 Ack=14578 Win=5345 Len=0,0.162567
3118,351019.406027,10.42.0.28,80.0,10.42.0.13,51341.0,TCP,54,80  >  51383 [ACK] Seq=1 Ack=515 Win=2406 Len=0,0.002439
3119,1147784.97075,10.42.0.49,52432.0,10.42.0.13,50814.0,TCP,54,[TCP Keep-Alive ACK] 52432  >  50594 [ACK] Seq=1781 Ack=496 Win=5345 Len=0,0.000
3120,351019.649935,10.42.0.13,51387.0,10.42.0.28,80.0,TCP,54,51343  >  80 [ACK] Seq=483 Ack=103 Win=65535 Len=0,0.001112
3121,351015.685589,10.42.0.49,61388.0,54.216.1.110,443.0,TLSv1.2,123,Application Data,18.238819
3122,1170555.815328,10.42.0.49,61395.0,99.81.71.200,443.0,TLSv1.2,123,Application Data,13.289929
3123,318920.509885,10.42.0.49,52432.0,10.42.0.13,60919.0,TCP,54,52432  >  60958 [ACK] Seq=1 Ack=163 Win=5678 Len=0,0.002127
3124,238904.908055,10.42.0.49,52432.0,10.42.0.13,59482.0,TCP,54,52432  >  59493 [ACK] Seq=1 Ack=163 Win=5678 Len=0,0.002259
3125,322755.74113,10.42.0.49,5353.0,10.42.0.13,5353.0,MDNS,174,"Standard query response 0x0000 TXT MSS210-9f39._hap._tcp.local, ""QU"" question TXT",0.000694
3126,1164773.402424,10.42.0.49,5353.0,10.42.0.13,5353.0,MDNS,174,"Standard query response 0x0000 TXT MSS210-9f39._hap._tcp.local, ""QU"" question TXT",0.000263
3127,1171421.422766,10.42.0.49,5353.0,10.42.0.13,5353.0,MDNS,174,"Standard query response 0x0000 TXT MSS210-9f39._hap._tcp.local, ""QU"" question TXT",0.002342
3128,1156930.63069,10.42.0.49,52432.0,10.42.0.13,50618.0,TCP,54,52432  >  50530 [ACK] Seq=1 Ack=163 Win=5678 Len=0,0.275111
3129,1132277.570715,10.42.0.13,65050.0,10.42.0.49,52432.0,TCP,54,50551  >  52432 [ACK] Seq=496 Ack=1781 Win=65535 Len=0,0.000155
3130,1171118.795264,10.42.0.49,52432.0,10.42.0.13,50706.0,HTTP,1096,Continuation,0.006868
3131,234721.939036,10.42.0.13,59475.0,10.42.0.28,80.0,TCP,54,50734  >  80 [ACK] Seq=483 Ack=103 Win=65535 Len=0,0.000104
3132,1139335.53357,10.42.0.49,52432.0,10.42.0.13,50353.0,HTTP,135,HTTP/1.1 200 OK  (application/pairing+tlv8),0.044494
3133,1149377.92349,10.42.0.49,52432.0,10.42.0.13,50872.0,HTTP,135,HTTP/1.1 200 OK  (application/pairing+tlv8),0.044362
3134,249465.460065,10.42.0.49,5353.0,10.42.0.13,5353.0,MDNS,174,"Standard query response 0x0000 TXT MSS210-9f39._hap._tcp.local, ""QU"" question TXT",0.010222
3135,1170555.586434,10.42.0.49,52432.0,10.42.0.13,50555.0,TCP,54,[TCP Keep-Alive ACK] 52432  >  50572 [ACK] Seq=1781 Ack=496 Win=5345 Len=0,0.00
3136,356631.239931,10.42.0.49,52432.0,10.42.0.13,61880.0,HTTP,1096,Continuation,0.006739
3137,1137898.923417,10.42.0.49,52432.0,10.42.0.13,50408.0,TCP,54,52432  >  50494 [ACK] Seq=1 Ack=163 Win=5678 Len=0,0.178904
3138,351008.200613,10.42.0.13,51347.0,10.42.0.28,80.0,TCP,54,51341  >  80 [ACK] Seq=1 Ack=1 Win=65535 Len=0,0.004043
3139,324292.32605,10.42.0.49,5353.0,10.42.0.13,5353.0,MDNS,174,"Standard query response 0x0000 TXT MSS210-9f39._hap._tcp.local, ""QU"" question TXT",0.000753
3140,1143423.70573,10.42.0.49,52432.0,10.42.0.13,50389.0,HTTP,135,HTTP/1.1 200 OK  (application/pairing+tlv8),0.043075
3141,1158384.968076,10.42.0.49,61395.0,99.81.71.200,443.0,TLSv1.2,123,Application Data,1.219484
3142,1177455.524725,10.42.0.13,50812.0,10.42.0.49,52432.0,TCP,54,50557  >  52432 [ACK] Seq=496 Ack=1344 Win=65535 Len=0,0.003686
3143,255908.415727,10.42.0.13,52747.0,10.42.0.28,80.0,TCP,54,52746  >  80 [ACK] Seq=482 Ack=102 Win=65535 Len=0,0.000227
3144,1134560.947544,10.42.0.49,5353.0,10.42.0.13,5353.0,MDNS,174,"Standard query response 0x0000 TXT MSS210-9f39._hap._tcp.local, ""QU"" question TXT",0.008856
3145,1136307.983327,10.42.0.49,52432.0,10.42.0.13,50333.0,TCP,54,52432  >  50333 [ACK] Seq=1 Ack=163 Win=5678 Len=0,0.001049
3146,423004.573306,10.42.0.49,5353.0,10.42.0.13,5353.0,MDNS,174,"Standard query response 0x0000 TXT MSS210-9f39._hap._tcp.local, ""QU"" question TXT",0.000266
3147,242741.557112,10.42.0.13,59476.0,10.42.0.49,52432.0,TCP,54,59476  >  52432 [ACK] Seq=496 Ack=1781 Win=65535 Len=0,0.002586
3148,1166810.540255,10.42.0.49,61395.0,99.81.71.200,443.0,TCP,54,61395  >  443 [ACK] Seq=25512 Ack=22161 Win=5702 Len=0,0.004552
3149,1158388.157695,10.42.0.49,52432.0,10.42.0.13,50587.0,TCP,54,52432  >  50549 [ACK] Seq=1781 Ack=497 Win=5344 Len=0,0.004951
3150,1149736.420054,10.42.0.49,61395.0,99.81.71.200,443.0,TLSv1.2,539,Application Data,0.179554
3151,1157073.533582,10.42.0.13,50528.0,10.42.0.49,52432.0,TCP,54,50555  >  52432 [ACK] Seq=496 Ack=1344 Win=65535 Len=0,0.000251
3152,1161432.406166,10.42.0.49,52432.0,10.42.0.13,50714.0,TCP,54,52432  >  50714 [ACK] Seq=1 Ack=163 Win=5678 Len=0,0.104524
3153,1146178.852132,10.42.0.49,52432.0,10.42.0.13,50532.0,TCP,54,52432  >  50523 [ACK] Seq=1 Ack=163 Win=5678 Len=0,0.002878
3154,1146177.968067,10.42.0.49,52432.0,10.42.0.13,50705.0,HTTP,1096,Continuation,0.007085
3155,1147787.953774,10.42.0.13,50852.0,10.42.0.49,52432.0,TCP,54,50857  >  52432 [ACK] Seq=1 Ack=1 Win=65535 Len=0,0.003233
3156,351002.53389,10.42.0.13,51361.0,10.42.0.28,80.0,TCP,54,51365  >  80 [ACK] Seq=1 Ack=1 Win=65535 Len=0,0.000105
3157,1153820.713321,10.42.0.49,5353.0,10.42.0.13,5353.0,MDNS,174,"Standard query response 0x0000 TXT MSS210-9f39._hap._tcp.local, ""QU"" question TXT",0.010274
3158,1152728.464757,10.42.0.13,50590.0,10.42.0.49,52432.0,TCP,54,50559  >  52432 [ACK] Seq=1 Ack=1 Win=65535 Len=0,0.004815
3159,1145406.929992,10.42.0.49,5353.0,10.42.0.13,5353.0,MDNS,174,"Standard query response 0x0000 TXT MSS210-9f39._hap._tcp.local, ""QU"" question TXT",0.001122
3160,1178006.689173,10.42.0.49,5353.0,10.42.0.13,5353.0,MDNS,270,"Standard query response 0x0000 PTR _hap._tcp.local, ""QU"" question PTR MSS210-9f39._hap._tcp.local SRV 0 0 52432 Meross_Smart_Pl",
3161,1132277.771141,10.42.0.49,61395.0,99.81.71.200,443.0,TCP,54,61395  >  443 [ACK] Seq=32880 Ack=22199 Win=5111 Len=0,0.115849
3162,351019.151216,10.42.0.13,51387.0,10.42.0.28,80.0,TCP,54,51385  >  80 [ACK] Seq=1 Ack=1 Win=65535 Len=0,0.000104
3163,1171122.839353,10.42.0.49,5353.0,10.42.0.13,5353.0,MDNS,174,"Standard query response 0x0000 TXT MSS210-9f39._hap._tcp.local, ""QU"" question TXT",0.000639
3164,1165692.097253,10.42.0.49,61395.0,99.81.71.200,443.0,TLSv1.2,539,Application Data,0.009465
3165,264304.075491,10.42.0.49,5353.0,10.42.0.13,5353.0,MDNS,174,"Standard query response 0x0000 TXT MSS210-9f39._hap._tcp.local, ""QU"" question TXT",0.000484
3166,350490.01387,10.42.0.13,51382.0,10.42.0.28,80.0,TCP,54,51365  >  80 [ACK] Seq=483 Ack=103 Win=65535 Len=0,0.000101
3167,350629.382215,10.42.0.49,52432.0,10.42.0.13,61820.0,TCP,54,52432  >  61830 [ACK] Seq=1781 Ack=497 Win=5344 Len=0,0.000132
3168,1178003.199279,10.42.0.13,50756.0,10.42.0.49,52432.0,TCP,54,50756  >  52432 [ACK] Seq=496 Ack=1781 Win=65535 Len=0,0.001828
3169,1184170.047449,10.42.0.49,5353.0,10.42.0.13,5353.0,MDNS,174,"Standard query response 0x0000 TXT MSS210-9f39._hap._tcp.local, ""QU"" question TXT",0.000868
3170,1163254.904566,10.42.0.49,61395.0,99.81.71.200,443.0,TLSv1.2,539,Application Data,0.123749
3171,373202.559666,10.42.0.49,61388.0,54.216.1.110,443.0,TLSv1.2,555,Application Data,0.106895
3172,422073.308643,10.42.0.49,5353.0,10.42.0.13,5353.0,MDNS,174,"Standard query response 0x0000 TXT MSS210-9f39._hap._tcp.local, ""QU"" question TXT",0.001018
3173,374710.13025,10.42.0.49,5353.0,10.42.0.13,5353.0,MDNS,174,"Standard query response 0x0000 TXT MSS210-9f39._hap._tcp.local, ""QU"" question TXT",0.009547
3174,1171296.523258,10.42.0.49,52432.0,10.42.0.13,50578.0,HTTP,1096,Continuation,0.006566
3175,324131.530235,10.42.0.28,80.0,10.42.0.13,50341.0,TCP,54,80  >  50382 [ACK] Seq=1 Ack=483 Win=2439 Len=0,0.002118
3176,416844.403355,10.42.0.49,61389.0,54.216.1.110,443.0,TCP,54,61389  >  443 [ACK] Seq=57222 Ack=1782 Win=5702 Len=0,0.103926
3177,354101.355442,10.42.0.13,51387.0,10.42.0.28,80.0,TCP,54,51343  >  80 [ACK] Seq=515 Ack=104 Win=65535 Len=0,0.000105
3178,1170639.523893,10.42.0.49,61395.0,99.81.71.200,443.0,TLSv1.2,539,Application Data,0.092492
3179,375581.489492,10.42.0.49,5353.0,10.42.0.13,5353.0,MDNS,174,"Standard query response 0x0000 TXT MSS210-9f39._hap._tcp.local, ""QU"" question TXT",0.000228
3180,1166731.221421,10.42.0.49,61395.0,99.81.71.200,443.0,TLSv1.2,539,Application Data,0.022247
3181,1132277.292053,10.42.0.13,50327.0,10.42.0.49,52432.0,TCP,54,50325  >  52432 [ACK] Seq=496 Ack=1344 Win=65535 Len=0,0.006771
3182,1165693.80298,10.42.0.49,52432.0,10.42.0.13,50707.0,HTTP,1096,Continuation,0.006808
3183,1174786.206687,10.42.0.13,50825.0,10.42.0.49,52432.0,TCP,54,50824  >  52432 [ACK] Seq=497 Ack=1782 Win=65535 Len=0,0.003228
3184,1160739.669773,10.42.0.49,52432.0,10.42.0.13,50702.0,TCP,54,52432  >  50610 [ACK] Seq=1781 Ack=497 Win=5344 Len=0,0.000287
3185,351064.062087,10.42.0.13,51341.0,10.42.0.28,80.0,TCP,54,51350  >  80 [ACK] Seq=483 Ack=103 Win=65535 Len=0,0.000104
3186,351019.642251,10.42.0.13,51387.0,10.42.0.28,80.0,TCP,54,51364  >  80 [ACK] Seq=483 Ack=103 Win=65535 Len=0,0.000104
3187,1145820.909313,10.42.0.49,61395.0,99.81.71.200,443.0,TLSv1.2,123,Application Data,2.138019
3188,1171421.074245,10.42.0.49,5353.0,224.0.0.251,5353.0,MDNS,305,"Standard query response 0x0000 PTR MSS210-9f39._hap._tcp.local SRV, cache flush 0 0 52432 Meross_Smart_Plug.local TXT, cache flush A",
3189,351001.685116,10.42.0.13,51353.0,10.42.0.28,80.0,TCP,54,51351  >  80 [ACK] Seq=1 Ack=1 Win=65535 Len=0,0.00435
3190,1132277.98706,10.42.0.13,50852.0,10.42.0.49,52432.0,TCP,54,50856  >  52432 [ACK] Seq=496 Ack=1781 Win=65535 Len=0,0.003396
3191,1171395.575345,10.42.0.49,5353.0,10.42.0.13,5353.0,MDNS,174,"Standard query response 0x0000 TXT MSS210-9f39._hap._tcp.local, ""QU"" question TXT",0.000226
3192,1174778.581826,10.42.0.49,52432.0,10.42.0.13,50895.0,TCP,54,52432  >  50538 [ACK] Seq=1 Ack=163 Win=5678 Len=0,0.004753
3193,1148629.052533,10.42.0.49,5353.0,10.42.0.13,5353.0,MDNS,174,"Standard query response 0x0000 TXT MSS210-9f39._hap._tcp.local, ""QU"" question TXT",0.001088
3194,1155837.664243,10.42.0.49,61395.0,99.81.71.200,443.0,TLSv1.2,123,Application Data,1.118885
3195,318572.902489,10.42.0.13,60888.0,10.42.0.49,52432.0,TCP,54,60881  >  52432 [ACK] Seq=496 Ack=1781 Win=65535 Len=0,0.003116
3196,316030.100294,10.42.0.49,52432.0,10.42.0.13,61714.0,TCP,54,52432  >  61930 [ACK] Seq=1 Ack=163 Win=5678 Len=0,0.003895
3197,238903.699117,10.42.0.13,59179.0,10.42.0.49,52432.0,TCP,54,59393  >  52432 [ACK] Seq=497 Ack=1782 Win=65535 Len=0,0.003659
3198,1171121.625242,10.42.0.49,52432.0,10.42.0.13,50312.0,TCP,54,52432  >  50322 [ACK] Seq=1 Ack=163 Win=5678 Len=0,0.007421
3199,1165690.859295,10.42.0.13,50581.0,10.42.0.49,52432.0,TCP,54,50556  >  52432 [ACK] Seq=163 Ack=221 Win=65535 Len=0,0.003127
3200,351024.855066,10.42.0.13,51364.0,10.42.0.28,80.0,TCP,54,51341  >  80 [ACK] Seq=483 Ack=103 Win=65535 Len=0,0.000105
3201,1165690.298912,10.42.0.13,50555.0,10.42.0.49,52432.0,TCP,54,50559  >  52432 [ACK] Seq=496 Ack=1781 Win=65535 Len=0,0.003959
3202,422075.025298,10.42.0.49,52432.0,10.42.0.13,62601.0,TCP,54,52432  >  62621 [ACK] Seq=1 Ack=163 Win=5678 Len=0,0.203999
3203,351019.903121,10.42.0.13,51387.0,10.42.0.28,80.0,TCP,54,51381  >  80 [ACK] Seq=483 Ack=103 Win=65535 Len=0,0.000113
3204,416844.760258,10.42.0.49,61389.0,54.216.1.110,443.0,TLSv1.2,123,Application Data,10.96029
3205,1171420.23069,10.42.0.49,5353.0,10.42.0.13,5353.0,MDNS,174,"Standard query response 0x0000 TXT MSS210-9f39._hap._tcp.local, ""QU"" question TXT",0.007825
3206,405043.431752,10.42.0.13,51426.0,10.42.0.28,80.0,TCP,54,51464  >  80 [ACK] Seq=515 Ack=104 Win=65535 Len=0,0.000107
3207,1178000.955111,10.42.0.49,52432.0,10.42.0.13,50701.0,HTTP,135,HTTP/1.1 200 OK  (application/pairing+tlv8),0.044587
3208,351064.097377,10.42.0.49,5353.0,10.42.0.13,5353.0,MDNS,174,"Standard query response 0x0000 TXT MSS210-9f39._hap._tcp.local, ""QU"" question TXT",0.001025
3209,1171293.89358,10.42.0.49,52432.0,10.42.0.13,50533.0,HTTP,135,HTTP/1.1 200 OK  (application/pairing+tlv8),0.044691
3210,1149411.304918,10.42.0.49,52432.0,10.42.0.13,50494.0,HTTP,135,HTTP/1.1 200 OK  (application/pairing+tlv8),0.044949
3211,1174248.645743,10.42.0.13,50526.0,10.42.0.49,52432.0,TCP,54,50531  >  52432 [ACK] Seq=496 Ack=1781 Win=65535 Len=0,0.004664
3212,416844.662422,10.42.0.13,60902.0,10.42.0.49,52432.0,TCP,54,62489  >  52432 [ACK] Seq=496 Ack=1781 Win=65535 Len=0,0.002439
3213,1155730.06873,10.42.0.49,61395.0,99.81.71.200,443.0,TCP,54,61395  >  443 [ACK] Seq=158648 Ack=15748 Win=5180 Len=0,0.123227
3214,423008.977964,10.42.0.49,52432.0,10.42.0.13,62902.0,TCP,54,52432  >  62904 [ACK] Seq=1781 Ack=497 Win=5344 Len=0,0.000243
3215,1132277.98865,10.42.0.49,61395.0,99.81.71.200,443.0,TLSv1.2,123,Application Data,59.22553
3216,1131228.87081,10.42.0.49,52432.0,10.42.0.13,50695.0,HTTP,1096,Continuation,0.00653
3217,416844.505755,10.42.0.49,52432.0,10.42.0.13,62581.0,HTTP,1096,Continuation,0.007146
3218,351019.81446,10.42.0.13,51381.0,10.42.0.28,80.0,TCP,54,51381  >  80 [ACK] Seq=1 Ack=1 Win=65535 Len=0,0.000515
3219,1150942.250856,10.42.0.13,50550.0,10.42.0.49,52432.0,TCP,54,50551  >  52432 [ACK] Seq=163 Ack=221 Win=65535 Len=0,0.000106
3220,1162453.630317,10.42.0.49,5353.0,10.42.0.13,5353.0,MDNS,174,"Standard query response 0x0000 TXT MSS210-9f39._hap._tcp.local, ""QU"" question TXT",0.000237
3221,1145669.491452,10.42.0.49,61395.0,99.81.71.200,443.0,TCP,54,61395  >  443 [ACK] Seq=129227 Ack=18248 Win=5111 Len=0,0.126529
3222,1162311.674289,10.42.0.49,52432.0,10.42.0.13,50349.0,TCP,54,52432  >  50832 [ACK] Seq=1 Ack=163 Win=5678 Len=0,0.003369
3223,324418.651953,10.42.0.49,52432.0,10.42.0.13,60909.0,TCP,54,52432  >  61932 [ACK] Seq=1781 Ack=497 Win=5344 Len=0,0.003361
3224,318572.323743,10.42.0.49,5353.0,10.42.0.13,5353.0,MDNS,270,"Standard query response 0x0000 PTR _hap._tcp.local, ""QU"" question PTR MSS210-9f39._hap._tcp.local SRV 0 0 52432 Meross_Smart_Plug",
3225,351015.403273,10.42.0.13,51381.0,10.42.0.28,80.0,TCP,54,51381  >  80 [ACK] Seq=514 Ack=104 Win=65535 Len=0,0.000116
3226,1176069.075811,10.42.0.49,61395.0,99.81.71.200,443.0,TCP,54,61395  >  443 [ACK] Seq=110767 Ack=18203 Win=4580 Len=0,0.212525
3227,1165693.91797,10.42.0.49,52432.0,10.42.0.13,50757.0,HTTP,135,HTTP/1.1 200 OK  (application/pairing+tlv8),0.045779
3228,351002.521992,10.42.0.13,51347.0,10.42.0.28,80.0,TCP,54,51385  >  80 [ACK] Seq=1 Ack=1 Win=65535 Len=0,0.000105
3229,1171437.541893,10.42.0.49,52432.0,10.42.0.13,50312.0,TCP,54,52432  >  50314 [ACK] Seq=1 Ack=163 Win=5678 Len=0,0.003159
3230,1165693.921232,10.42.0.49,61395.0,99.81.71.200,443.0,TLSv1.2,123,Application Data,2.137179
3231,1176116.123195,10.42.0.49,52432.0,10.42.0.13,50708.0,HTTP,491,Continuation,0.004668
3232,351024.394899,10.42.0.13,51387.0,10.42.0.28,80.0,TCP,54,51389  >  80 [ACK] Seq=483 Ack=103 Win=65535 Len=0,0.000118
3233,353509.04671,10.42.0.28,80.0,10.42.0.13,51349.0,TCP,54,80  >  51347 [ACK] Seq=1 Ack=482 Win=2439 Len=0,0.002552
3234,1162449.599486,10.42.0.49,5353.0,10.42.0.13,5353.0,MDNS,174,"Standard query response 0x0000 TXT MSS210-9f39._hap._tcp.local, ""QU"" question TXT",0.010698
3235,1165690.597084,10.42.0.49,5353.0,10.42.0.13,5353.0,MDNS,174,"Standard query response 0x0000 TXT MSS210-9f39._hap._tcp.local, ""QU"" question TXT",0.000762
3236,1178008.88468,10.42.0.49,52432.0,10.42.0.13,58268.0,TCP,54,52432  >  58688 [ACK] Seq=1 Ack=163 Win=5678 Len=0,0.18115
3237,351024.809524,10.42.0.13,51341.0,10.42.0.28,80.0,TCP,54,51341  >  80 [ACK] Seq=1 Ack=1 Win=65535 Len=0,0.000104
3238,1152773.12119,10.42.0.49,5353.0,10.42.0.13,5353.0,MDNS,174,"Standard query response 0x0000 TXT MSS210-9f39._hap._tcp.local, ""QU"" question TXT",0.010247
3239,1182027.806531,10.42.0.49,61395.0,99.81.71.200,443.0,TCP,54,61395  >  443 [ACK] Seq=12976 Ack=1782 Win=5184 Len=0,0.157471
3240,1167493.04299,10.42.0.49,61395.0,99.81.71.200,443.0,TLSv1.2,123,Application Data,5.253551
3241,1167467.909582,10.42.0.49,5353.0,10.42.0.13,5353.0,MDNS,174,"Standard query response 0x0000 TXT MSS210-9f39._hap._tcp.local, ""QU"" question TXT",0.000177
3242,324132.405773,10.42.0.28,80.0,10.42.0.13,50340.0,TCP,54,80  >  50380 [ACK] Seq=1 Ack=483 Win=2438 Len=0,0.001017
3243,1178000.522029,10.42.0.49,52432.0,10.42.0.13,50552.0,TCP,54,52432  >  50525 [ACK] Seq=1 Ack=163 Win=5678 Len=0,0.003494
3244,1160393.56435,10.42.0.49,52432.0,10.42.0.13,50531.0,TCP,54,[TCP Keep-Alive ACK] 52432  >  50597 [ACK] Seq=1781 Ack=496 Win=5345 Len=0,0.000
3245,246304.517249,10.42.0.49,52432.0,10.42.0.13,59484.0,TCP,54,52432  >  59487 [ACK] Seq=1 Ack=163 Win=5678 Len=0,0.117819
3246,1170929.079246,10.42.0.13,50756.0,10.42.0.49,52432.0,TCP,54,50705  >  52432 [ACK] Seq=163 Ack=221 Win=65535 Len=0,0.002539
3247,410997.05665,10.42.0.13,51481.0,10.42.0.28,80.0,TCP,54,51717  >  80 [ACK] Seq=1 Ack=1 Win=65535 Len=0,0.004106
3248,1141873.856522,10.42.0.49,52432.0,10.42.0.13,50505.0,HTTP,274,HTTP/1.1 200 OK  (application/pairing+tlv8),0.049855
3249,1164781.640342,10.42.0.49,52432.0,10.42.0.13,50562.0,TCP,54,"52432  >  50504 [FIN, ACK] Seq=1781 Ack=497 Win=5344 Len=0",0.007238
3250,1176739.693332,10.42.0.49,61395.0,99.81.71.200,443.0,TLSv1.2,539,Application Data,0.136082
3251,412255.915533,10.42.0.13,5353.0,10.42.0.49,5353.0,MDNS,87,"Standard query 0x0000 TXT MSS210-9f39._hap._tcp.local, ""QU"" question",0.031975
3252,1132277.466634,10.42.0.49,5353.0,10.42.0.13,5353.0,MDNS,174,"Standard query response 0x0000 TXT MSS210-9f39._hap._tcp.local, ""QU"" question TXT",0.000352
3253,351008.19965,10.42.0.13,51349.0,10.42.0.28,80.0,TCP,54,51392  >  80 [ACK] Seq=483 Ack=103 Win=65535 Len=0,0.000119
3254,351019.663728,10.42.0.13,51388.0,10.42.0.49,52432.0,TCP,54,59870  >  52432 [ACK] Seq=496 Ack=1781 Win=65535 Len=0,0.001975
3255,351019.708684,10.42.0.13,51395.0,10.42.0.28,80.0,TCP,54,51392  >  80 [ACK] Seq=1 Ack=1 Win=65535 Len=0,0.003632
3256,1166069.077646,10.42.0.49,5353.0,10.42.0.13,5353.0,MDNS,270,"Standard query response 0x0000 PTR _hap._tcp.local, ""QU"" question PTR MSS210-9f39._hap._tcp.local SRV 0 0 52432 Meross_Smart_Pl",
3257,410997.07307,10.42.0.49,5353.0,10.42.0.13,5353.0,MDNS,174,"Standard query response 0x0000 TXT MSS210-9f39._hap._tcp.local, ""QU"" question TXT",0.000668
3258,1183202.583539,10.42.0.49,52432.0,10.42.0.13,50333.0,TCP,54,52432  >  50369 [ACK] Seq=1 Ack=163 Win=5678 Len=0,0.110446
3259,362004.602443,10.42.0.49,52432.0,10.42.0.13,61871.0,TCP,54,52432  >  61907 [ACK] Seq=1 Ack=163 Win=5678 Len=0,0.002396
3260,1141820.71321,10.42.0.49,52432.0,10.42.0.13,50492.0,TCP,54,52432  >  50494 [ACK] Seq=1781 Ack=497 Win=5344 Len=0,0.001251
3261,1170555.870278,10.42.0.13,50818.0,10.42.0.49,52432.0,TCP,54,50855  >  52432 [ACK] Seq=496 Ack=1344 Win=65535 Len=0,0.004845
3262,1174553.656588,10.42.0.49,52432.0,10.42.0.13,50835.0,TCP,54,"52432  >  50505 [FIN, ACK] Seq=1781 Ack=497 Win=5344 Len=0",0.000108
3263,324132.024125,10.42.0.28,80.0,10.42.0.13,50340.0,TCP,54,80  >  50303 [ACK] Seq=552 Ack=484 Win=2437 Len=0,0.001013
3264,351002.619672,10.42.0.49,5353.0,10.42.0.13,5353.0,MDNS,174,"Standard query response 0x0000 TXT MSS210-9f39._hap._tcp.local, ""QU"" question TXT",0.006318
3265,1151225.123851,10.42.0.49,5353.0,10.42.0.13,5353.0,MDNS,174,"Standard query response 0x0000 TXT MSS210-9f39._hap._tcp.local, ""QU"" question TXT",0.009256
3266,1182027.832979,10.42.0.13,59187.0,10.42.0.49,80.0,TCP,54,59179  >  80 [ACK] Seq=483 Ack=103 Win=65535 Len=0,0.000111
3267,1146775.627457,10.42.0.49,61395.0,99.81.71.200,443.0,TLSv1.2,555,Application Data,0.10086
3268,1150907.067429,10.42.0.49,61395.0,99.81.71.200,443.0,TCP,54,61395  >  443 [ACK] Seq=15277 Ack=179999 Win=4511 Len=0,0.172976
3269,1132277.296071,10.42.0.49,61395.0,99.81.71.200,443.0,TLSv1.2,123,Application Data,11.830915
3270,1132279.52397,10.42.0.13,50329.0,10.42.0.49,52432.0,TCP,54,50393  >  52432 [ACK] Seq=414 Ack=302 Win=65535 Len=0,0.001015
3271,1141448.952146,10.42.0.49,5353.0,10.42.0.13,5353.0,MDNS,174,"Standard query response 0x0000 TXT MSS210-9f39._hap._tcp.local, ""QU"" question TXT",0.010876
3272,416844.619799,10.42.0.13,60904.0,10.42.0.49,80.0,TCP,54,60906  >  80 [ACK] Seq=583 Ack=4552 Win=65535 Len=0,0.000104
3273,351024.605233,10.42.0.13,51387.0,10.42.0.28,80.0,TCP,54,51359  >  80 [ACK] Seq=483 Ack=103 Win=65535 Len=0,0.000105
3274,1143480.984189,10.42.0.49,52432.0,10.42.0.13,50524.0,TCP,54,52432  >  50494 [ACK] Seq=1781 Ack=497 Win=5344 Len=0,0.000252
3275,1156076.496972,10.42.0.13,50605.0,10.42.0.49,52432.0,TCP,54,50560  >  52432 [ACK] Seq=1 Ack=1 Win=65535 Len=0,0.006837
3276,1151293.910757,10.42.0.49,52432.0,10.42.0.13,50581.0,TCP,54,52432  >  50534 [ACK] Seq=1 Ack=163 Win=5678 Len=0,0.004659
3277,1170363.065723,10.42.0.49,5353.0,224.0.0.251,5353.0,MDNS,305,"Standard query response 0x0000 PTR MSS210-9f39._hap._tcp.local SRV, cache flush 0 0 52432 Meross_Smart_Plug.local TXT, cache flush A",
3278,1174774.583184,10.42.0.49,5353.0,10.42.0.13,5353.0,MDNS,174,"Standard query response 0x0000 TXT MSS210-9f39._hap._tcp.local, ""QU"" question TXT",0.000763
3279,1178843.044285,10.42.0.49,5353.0,10.42.0.13,5353.0,MDNS,174,"Standard query response 0x0000 TXT MSS210-9f39._hap._tcp.local, ""QU"" question TXT",0.010766
3280,1156530.798052,10.42.0.49,61395.0,99.81.71.200,443.0,TLSv1.2,539,Application Data,0.058633
3281,1160747.599173,10.42.0.49,52432.0,10.42.0.13,50897.0,HTTP,1096,Continuation,0.007467
3282,351015.391317,10.42.0.13,51381.0,10.42.0.28,80.0,TCP,54,51381  >  80 [ACK] Seq=483 Ack=103 Win=65535 Len=0,0.001055
3283,264555.42129,10.42.0.13,52327.0,10.42.0.28,80.0,TCP,54,52328  >  80 [ACK] Seq=482 Ack=103 Win=65535 Len=0,0.000104
3284,1167035.152935,10.42.0.49,52432.0,10.42.0.13,50505.0,HTTP,135,HTTP/1.1 200 OK  (application/pairing+tlv8),0.045015
3285,1174544.80579,10.42.0.49,52432.0,10.42.0.13,50505.0,HTTP,274,HTTP/1.1 200 OK  (application/pairing+tlv8),0.266587
3286,1134478.41679,10.42.0.49,52432.0,10.42.0.13,50405.0,TCP,54,52432  >  50380 [ACK] Seq=1781 Ack=497 Win=5344 Len=0,0.000149
3287,354101.393177,10.42.0.28,80.0,10.42.0.13,51378.0,TCP,58,"80  >  51383 [SYN, ACK] Seq=0 Ack=1 Win=2920 Len=0 MSS=1460",0.001211
3288,373220.395241,10.42.0.13,50341.0,10.42.0.28,80.0,TCP,54,50341  >  80 [ACK] Seq=483 Ack=103 Win=65535 Len=0,0.000104
3289,1158250.557448,10.42.0.49,61395.0,99.81.71.200,443.0,TLSv1.2,555,Application Data,0.096418
3290,261523.266612,10.42.0.49,52432.0,10.42.0.13,59826.0,TCP,54,52432  >  59822 [ACK] Seq=1 Ack=163 Win=5678 Len=0,0.26785
3291,1155698.056786,10.42.0.49,52432.0,10.42.0.13,50705.0,TCP,54,52432  >  50556 [ACK] Seq=1781 Ack=497 Win=5344 Len=0,0.000111
3292,1142948.449425,10.42.0.49,5353.0,10.42.0.13,5353.0,MDNS,174,"Standard query response 0x0000 TXT MSS210-9f39._hap._tcp.local, ""QU"" question TXT",0.000767
3293,1182027.052768,10.42.0.13,59181.0,10.42.0.49,52432.0,TCP,54,51065  >  52432 [ACK] Seq=496 Ack=1344 Win=65535 Len=0,0.000106
3294,1141187.442612,10.42.0.49,52432.0,10.42.0.13,50492.0,HTTP,1096,Continuation,0.004534
3295,351015.602941,10.42.0.13,51387.0,10.42.0.28,80.0,TCP,54,51399  >  80 [ACK] Seq=1 Ack=1 Win=65535 Len=0,0.000105
3296,1132277.526484,10.42.0.49,52432.0,10.42.0.13,50320.0,TCP,54,"52432  >  50522 [FIN, ACK] Seq=1781 Ack=497 Win=5344 Len=0",0.001267
3297,350987.194526,10.42.0.13,61752.0,10.42.0.28,80.0,TCP,54,51341  >  80 [ACK] Seq=1 Ack=1 Win=65535 Len=0,0.002059
3298,1134945.661463,10.42.0.49,52432.0,10.42.0.13,50535.0,TCP,54,52432  >  50504 [ACK] Seq=1 Ack=163 Win=5678 Len=0,0.001678
3299,351064.390685,10.42.0.13,51387.0,10.42.0.28,80.0,TCP,54,51393  >  80 [ACK] Seq=483 Ack=103 Win=65535 Len=0,0.000105
3300,1158387.668691,10.42.0.13,50956.0,10.42.0.49,52432.0,TCP,54,50595  >  52432 [ACK] Seq=496 Ack=1781 Win=65535 Len=0,0.000362
3301,1155838.716963,10.42.0.49,52432.0,10.42.0.13,50553.0,TCP,54,"52432  >  50536 [FIN, ACK] Seq=1781 Ack=497 Win=5344 Len=0",0.000228
3302,1148539.948637,10.42.0.49,52432.0,10.42.0.13,50594.0,TCP,54,52432  >  50532 [ACK] Seq=1 Ack=163 Win=5678 Len=0,0.102277
3303,416844.024118,10.42.0.13,60902.0,10.42.0.49,80.0,TCP,54,60900  >  80 [ACK] Seq=1 Ack=1 Win=65535 Len=0,0.002058
3304,1132280.587579,10.42.0.13,50557.0,10.42.0.28,80.0,TCP,54,52505  >  80 [ACK] Seq=1 Ack=1 Win=65535 Len=0,0.000105
3305,1171424.12773,10.42.0.49,52432.0,10.42.0.13,50855.0,HTTP,1096,Continuation,0.007074
3306,351001.12621,10.42.0.13,51387.0,10.42.0.28,80.0,TCP,54,51373  >  80 [ACK] Seq=482 Ack=103 Win=65535 Len=0,0.000105
3307,351019.534916,10.42.0.28,80.0,10.42.0.13,51381.0,TCP,54,80  >  51382 [ACK] Seq=1 Ack=483 Win=2438 Len=0,0.002251
3308,1164648.771435,10.42.0.49,61395.0,99.81.71.200,443.0,TCP,54,61395  >  443 [ACK] Seq=11992 Ack=34697 Win=5840 Len=0,0.157409
3309,351024.58647,10.42.0.13,51353.0,10.42.0.28,80.0,TCP,54,51385  >  80 [ACK] Seq=1 Ack=1 Win=65535 Len=0,0.000105
3310,1149563.833043,10.42.0.49,5353.0,10.42.0.13,5353.0,MDNS,174,"Standard query response 0x0000 TXT MSS210-9f39._hap._tcp.local, ""QU"" question TXT",0.000942
3311,1132277.977048,10.42.0.13,50326.0,10.42.0.49,52432.0,TCP,54,50326  >  52432 [ACK] Seq=1 Ack=1 Win=65535 Len=0,0.003685
3312,418617.735247,10.42.0.49,52432.0,10.42.0.13,62549.0,HTTP,274,HTTP/1.1 200 OK  (application/pairing+tlv8),0.225024
3313,360142.033884,10.42.0.13,61871.0,10.42.0.49,52432.0,TCP,54,61878  >  52432 [ACK] Seq=496 Ack=1781 Win=65535 Len=0,0.003773
3314,1132277.299032,10.42.0.49,52432.0,10.42.0.13,50312.0,TCP,54,52432  >  50320 [ACK] Seq=1781 Ack=497 Win=5344 Len=0,0.000167
3315,351008.30933,10.42.0.13,51387.0,10.42.0.28,80.0,TCP,54,51387  >  80 [ACK] Seq=1 Ack=1 Win=65535 Len=0,0.000107
3316,351019.900016,10.42.0.28,80.0,10.42.0.13,51340.0,TCP,54,80  >  51380 [ACK] Seq=1 Ack=514 Win=2406 Len=0,0.001258
3317,1156910.912102,10.42.0.49,52432.0,10.42.0.13,50557.0,TCP,54,52432  >  50526 [ACK] Seq=1 Ack=163 Win=5678 Len=0,0.10475
3318,355631.06439,10.42.0.49,52432.0,10.42.0.13,61874.0,TCP,54,52432  >  61836 [ACK] Seq=1781 Ack=497 Win=5344 Len=0,0.000124
3319,1155842.619136,10.42.0.49,61395.0,99.81.71.200,443.0,TLSv1.2,123,Application Data,10.12545
3320,237702.409683,10.42.0.13,51078.0,10.42.0.28,80.0,TCP,54,51079  >  80 [ACK] Seq=482 Ack=102 Win=65535 Len=0,0.000104
3321,1183890.617195,10.42.0.49,5353.0,10.42.0.13,5353.0,MDNS,174,"Standard query response 0x0000 TXT MSS210-9f39._hap._tcp.local, ""QU"" question TXT",0.000762
3322,420273.096425,10.42.0.13,62602.0,10.42.0.49,52432.0,TCP,54,62602  >  52432 [ACK] Seq=496 Ack=1781 Win=65535 Len=0,0.005593
3323,1152781.96502,10.42.0.49,52432.0,10.42.0.13,50705.0,HTTP,491,Continuation,0.004658
3324,1132280.450165,10.42.0.13,50526.0,10.42.0.49,52432.0,TCP,54,50551  >  52432 [ACK] Seq=497 Ack=1782 Win=65535 Len=0,0.003276
3325,1141424.510864,10.42.0.49,5353.0,10.42.0.13,5353.0,MDNS,174,"Standard query response 0x0000 TXT MSS210-9f39._hap._tcp.local, ""QU"" question TXT",0.004051
3326,1181932.622493,10.42.0.49,52432.0,10.42.0.13,50326.0,HTTP,135,HTTP/1.1 200 OK  (application/pairing+tlv8),0.043745
3327,417681.483774,10.42.0.49,5353.0,10.42.0.13,5353.0,MDNS,174,"Standard query response 0x0000 TXT MSS210-9f39._hap._tcp.local, ""QU"" question TXT",0.000586
3328,351001.584321,10.42.0.49,52432.0,10.42.0.13,61874.0,TCP,54,52432  >  61838 [ACK] Seq=1 Ack=163 Win=5678 Len=0,0.002014
3329,350431.612619,10.42.0.13,51775.0,10.42.0.28,80.0,TCP,54,51396  >  80 [ACK] Seq=483 Ack=103 Win=65535 Len=0,0.000105
3330,1132277.340321,10.42.0.49,61395.0,99.81.71.200,443.0,TCP,54,61395  >  443 [ACK] Seq=23142 Ack=315160278497 Win=5633 Len=0,0.0
3331,1170518.442112,10.42.0.13,50526.0,10.42.0.49,52432.0,TCP,54,50505  >  52432 [ACK] Seq=496 Ack=1781 Win=65535 Len=0,0.003473
3332,1170360.603825,10.42.0.13,50752.0,10.42.0.49,52432.0,TCP,54,50759  >  52432 [ACK] Seq=496 Ack=1781 Win=65535 Len=0,0.000186
3333,1154531.098925,10.42.0.49,52432.0,10.42.0.13,50555.0,TCP,58,"52432  >  50555 [SYN, ACK] Seq=0 Ack=1 Win=5840 Len=0 MSS=1460",0.00010
3334,1139893.035273,10.42.0.49,5353.0,10.42.0.13,5353.0,MDNS,174,"Standard query response 0x0000 TXT MSS210-9f39._hap._tcp.local, ""QU"" question TXT",0.000251
3335,1167396.99337,10.42.0.49,5353.0,10.42.0.13,5353.0,MDNS,174,"Standard query response 0x0000 TXT MSS210-9f39._hap._tcp.local, ""QU"" question TXT",0.010476
3336,1171204.570817,10.42.0.13,50755.0,10.42.0.49,52432.0,TCP,54,50552  >  52432 [ACK] Seq=496 Ack=1781 Win=65535 Len=0,0.003238
3337,1132277.976749,10.42.0.49,61395.0,99.81.71.200,443.0,TLSv1.2,539,Application Data,0.111745
3338,1156560.087496,10.42.0.49,61395.0,99.81.71.200,443.0,TCP,54,61395  >  443 [ACK] Seq=25862 Ack=199989 Win=4511 Len=0,0.008478
3339,248731.559939,10.42.0.49,5353.0,10.42.0.13,5353.0,MDNS,174,"Standard query response 0x0000 TXT MSS210-9f39._hap._tcp.local, ""QU"" question TXT",0.010769
3340,351008.105297,10.42.0.28,80.0,10.42.0.13,51365.0,TCP,54,80  >  51381 [ACK] Seq=1 Ack=483 Win=2438 Len=0,0.002732
3341,1176119.523451,10.42.0.49,5353.0,10.42.0.13,5353.0,MDNS,174,"Standard query response 0x0000 TXT MSS210-9f39._hap._tcp.local, ""QU"" question TXT",0.001022
3342,1132280.775174,10.42.0.13,50390.0,10.42.0.28,80.0,TCP,54,50348  >  80 [ACK] Seq=1 Ack=1 Win=65535 Len=0,0.001043
3343,1162431.571032,10.42.0.49,61395.0,99.81.71.200,443.0,TCP,54,61395  >  443 [ACK] Seq=222217 Ack=14067 Win=5840 Len=0,0.273953
3344,1183720.441872,10.42.0.49,61395.0,99.81.71.200,443.0,TLSv1.2,555,Application Data,0.101447
3345,351024.87874,10.42.0.49,5353.0,10.42.0.13,5353.0,MDNS,174,"Standard query response 0x0000 TXT MSS210-9f39._hap._tcp.local, ""QU"" question TXT",0.000577
3346,1162131.798929,10.42.0.49,61395.0,99.81.71.200,443.0,TLSv1.2,555,Application Data,0.105867
3347,351019.517985,10.42.0.13,51353.0,10.42.0.28,80.0,TCP,54,51395  >  80 [ACK] Seq=1 Ack=1 Win=65535 Len=0,0.000116
3348,419001.034926,10.42.0.13,51704.0,10.42.0.28,80.0,TCP,54,51714  >  80 [ACK] Seq=515 Ack=104 Win=65535 Len=0,0.000106
3349,1141476.255223,10.42.0.49,52432.0,10.42.0.13,50505.0,TCP,54,52432  >  50550 [ACK] Seq=1781 Ack=497 Win=5344 Len=0,0.000118
3350,351064.013427,10.42.0.28,80.0,10.42.0.13,51371.0,TCP,54,80  >  51385 [ACK] Seq=1 Ack=482 Win=2439 Len=0,0.002373
3351,1156907.630826,10.42.0.49,5353.0,10.42.0.13,5353.0,MDNS,174,"Standard query response 0x0000 TXT MSS210-9f39._hap._tcp.local, ""QU"" question TXT",0.000827
3352,1157293.418767,10.42.0.13,50852.0,10.42.0.49,52432.0,TCP,54,50590  >  52432 [ACK] Seq=496 Ack=1781 Win=65535 Len=0,0.007669
3353,351019.688487,10.42.0.49,52432.0,10.42.0.13,61823.0,HTTP,274,HTTP/1.1 200 OK  (application/pairing+tlv8),0.204457
3354,1132280.667572,10.42.0.13,50394.0,10.42.0.28,80.0,TCP,54,65056  >  80 [ACK] Seq=1 Ack=1 Win=65535 Len=0,0.000109
3355,1153555.03557,10.42.0.49,52432.0,10.42.0.13,50570.0,TCP,54,52432  >  50505 [ACK] Seq=1781 Ack=497 Win=5344 Len=0,0.000113
3356,246304.076086,10.42.0.49,5353.0,224.0.0.251,5353.0,MDNS,305,"Standard query response 0x0000 PTR MSS210-9f39._hap._tcp.local SRV, cache flush 0 0 52432 Meross_Smart_Plug.local TXT, cache flush A,",
3357,1143423.583044,10.42.0.49,52432.0,10.42.0.13,50549.0,TCP,54,52432  >  50414 [ACK] Seq=1 Ack=163 Win=5678 Len=0,0.005851
3358,1147174.806028,10.42.0.49,52432.0,10.42.0.13,50505.0,TCP,54,52432  >  50505 [ACK] Seq=1 Ack=163 Win=5678 Len=0,0.002524
3359,1161231.833662,10.42.0.49,52432.0,10.42.0.13,50322.0,TCP,54,52432  >  50320 [ACK] Seq=1 Ack=163 Win=5678 Len=0,0.101263
3360,360333.10419,10.42.0.49,5353.0,10.42.0.13,5353.0,MDNS,174,"Standard query response 0x0000 TXT MSS210-9f39._hap._tcp.local, ""QU"" question TXT",0.009722
3361,3741.52671,10.42.0.28,80.0,10.42.0.140,59852.0,TCP,54,80  >  59852 [ACK] Seq=1 Ack=483 Win=2438 Len=0,0.002428
3362,411001.648375,10.42.0.49,52432.0,10.42.0.13,62404.0,TCP,54,52432  >  62474 [ACK] Seq=1 Ack=163 Win=5678 Len=0,0.002463
3363,1162468.063325,10.42.0.49,5353.0,224.0.0.251,5353.0,MDNS,291,"Standard query response 0x0000 TXT, cache flush SRV, cache flush 0 0 52432 Meross_Smart_Plug.local A, cache flush 10.42.0.49 AAA",
3364,351008.467168,10.42.0.13,51387.0,10.42.0.28,80.0,TCP,54,51388  >  80 [ACK] Seq=483 Ack=103 Win=65535 Len=0,0.000109
3365,1176177.933296,10.42.0.49,61395.0,99.81.71.200,443.0,TLSv1.2,539,Application Data,0.150895
3366,351008.278321,10.42.0.49,52432.0,10.42.0.13,61881.0,HTTP,1096,Continuation,0.001144
3367,1150175.578148,10.42.0.49,52432.0,10.42.0.13,50815.0,TCP,58,"52432  >  50553 [SYN, ACK] Seq=0 Ack=1 Win=5840 Len=0 MSS=1460",0.00010
3368,1132277.377714,10.42.0.49,61395.0,99.81.71.200,443.0,TLSv1.2,123,Application Data,1.853911
3369,1175581.046966,10.42.0.13,50636.0,10.42.0.49,52432.0,TCP,54,50630  >  52432 [ACK] Seq=414 Ack=302 Win=65535 Len=0,0.003741
3370,1177337.579288,10.42.0.13,50855.0,10.42.0.49,52432.0,TCP,54,50855  >  52432 [ACK] Seq=496 Ack=1781 Win=65535 Len=0,0.000119
3371,233044.568891,10.42.0.13,50757.0,10.42.0.28,80.0,TCP,54,50770  >  80 [ACK] Seq=482 Ack=103 Win=65535 Len=0,0.001013
3372,1134599.583111,10.42.0.49,61395.0,99.81.71.200,443.0,TCP,54,61395  >  443 [ACK] Seq=30317 Ack=15890 Win=4584 Len=0,0.269665
3373,1175692.000263,10.42.0.49,5353.0,10.42.0.13,5353.0,MDNS,174,"Standard query response 0x0000 TXT MSS210-9f39._hap._tcp.local, ""QU"" question TXT",0.010276
3374,318908.904665,10.42.0.13,5353.0,10.42.0.49,5353.0,MDNS,87,"Standard query 0x0000 TXT MSS210-9f39._hap._tcp.local, ""QU"" question",0.000734
3375,351019.319464,10.42.0.13,51387.0,10.42.0.28,80.0,TCP,54,51393  >  80 [ACK] Seq=1 Ack=1 Win=65535 Len=0,0.000117
3376,1139850.670637,10.42.0.49,61395.0,99.81.71.200,443.0,TLSv1.2,123,Application Data,0.000893
3377,1141425.606739,10.42.0.49,5353.0,10.42.0.13,5353.0,MDNS,174,"Standard query response 0x0000 TXT MSS210-9f39._hap._tcp.local, ""QU"" question TXT",0.000427
3378,1161672.007083,10.42.0.49,5353.0,10.42.0.13,5353.0,MDNS,174,"Standard query response 0x0000 TXT MSS210-9f39._hap._tcp.local, ""QU"" question TXT",0.002535
3379,1174861.99844,10.42.0.49,52432.0,10.42.0.13,50405.0,TCP,54,52432  >  50494 [ACK] Seq=1 Ack=163 Win=5678 Len=0,0.002129
3380,1139631.046854,10.42.0.49,5353.0,10.42.0.13,5353.0,MDNS,174,"Standard query response 0x0000 TXT MSS210-9f39._hap._tcp.local, ""QU"" question TXT",0.000453
3381,351019.005141,10.42.0.28,80.0,10.42.0.13,51366.0,TCP,58,"80  >  51363 [SYN, ACK] Seq=0 Ack=1 Win=2920 Len=0 MSS=1460",0.001023
3382,1132277.379649,10.42.0.13,50329.0,10.42.0.49,52432.0,TCP,54,50325  >  52432 [ACK] Seq=414 Ack=302 Win=65535 Len=0,0.000124
3383,1157073.079345,10.42.0.49,61395.0,99.81.71.200,443.0,TLSv1.2,555,Application Data,0.108671
3384,1174006.781324,10.42.0.49,5353.0,10.42.0.13,5353.0,MDNS,174,"Standard query response 0x0000 TXT MSS210-9f39._hap._tcp.local, ""QU"" question TXT",0.010276
3385,264554.200377,10.42.0.13,52326.0,10.42.0.28,80.0,TCP,54,52328  >  80 [ACK] Seq=482 Ack=102 Win=65535 Len=0,0.000105
3386,1132279.400032,10.42.0.13,50340.0,10.42.0.49,52432.0,TCP,54,50320  >  52432 [ACK] Seq=496 Ack=1781 Win=65535 Len=0,0.003177
3387,324133.10521,10.42.0.13,59474.0,10.42.0.49,80.0,TCP,54,59434  >  80 [ACK] Seq=583 Ack=102 Win=65535 Len=0,0.000106
3388,351064.419118,10.42.0.49,52432.0,10.42.0.13,61722.0,HTTP,135,HTTP/1.1 200 OK  (application/pairing+tlv8),0.044781
3389,1174590.738654,10.42.0.49,52432.0,10.42.0.13,50505.0,HTTP,135,HTTP/1.1 200 OK  (application/pairing+tlv8),0.042896
3390,1144478.46689,10.42.0.49,5353.0,10.42.0.13,5353.0,MDNS,174,"Standard query response 0x0000 TXT MSS210-9f39._hap._tcp.local, ""QU"" question TXT",0.001827
3391,1170355.574026,10.42.0.49,5353.0,10.42.0.13,5353.0,MDNS,174,"Standard query response 0x0000 TXT MSS210-9f39._hap._tcp.local, ""QU"" question TXT",0.007119
3392,1144254.081886,10.42.0.49,52432.0,10.42.0.13,50594.0,TCP,54,52432  >  50548 [ACK] Seq=1 Ack=163 Win=5678 Len=0,0.120584
3393,1174144.232649,10.42.0.13,50508.0,10.42.0.49,52432.0,TCP,54,50870  >  52432 [ACK] Seq=496 Ack=1781 Win=65535 Len=0,0.004649
3394,1155829.77052,10.42.0.49,52432.0,10.42.0.13,50570.0,HTTP,1096,Continuation,0.006752
3395,1174542.588925,10.42.0.13,50857.0,10.42.0.49,52432.0,TCP,54,50552  >  52432 [ACK] Seq=496 Ack=1344 Win=65535 Len=0,0.003221
3396,1163032.678227,10.42.0.13,50728.0,10.42.0.49,52432.0,TCP,54,50702  >  52432 [ACK] Seq=497 Ack=1782 Win=65535 Len=0,0.000273
3397,1156931.413968,10.42.0.49,52432.0,10.42.0.13,50576.0,TCP,54,52432  >  50548 [ACK] Seq=1 Ack=163 Win=5678 Len=0,0.110483
3398,264553.19367,10.42.0.49,5353.0,10.42.0.13,5353.0,MDNS,174,"Standard query response 0x0000 TXT MSS210-9f39._hap._tcp.local, ""QU"" question TXT",0.010554
3399,1146745.42963,10.42.0.49,52432.0,10.42.0.13,50526.0,TCP,54,"52432  >  50505 [FIN, ACK] Seq=1781 Ack=497 Win=5344 Len=0",0.000108
3400,351019.455143,10.42.0.28,80.0,10.42.0.13,51364.0,TCP,54,80  >  51372 [ACK] Seq=1 Ack=483 Win=2438 Len=0,0.002494
3401,1132277.410394,10.42.0.13,50326.0,10.42.0.49,52432.0,TCP,54,50326  >  52432 [ACK] Seq=496 Ack=1781 Win=65535 Len=0,0.000222
3402,265068.466775,10.42.0.13,59811.0,10.42.0.49,52432.0,TCP,54,59868  >  52432 [ACK] Seq=497 Ack=1782 Win=65535 Len=0,0.003233
3403,1152937.580558,10.42.0.49,61395.0,99.81.71.200,443.0,TCP,54,61395  >  443 [ACK] Seq=161127 Ack=18917 Win=5702 Len=0,0.169359
3404,265934.53767,10.42.0.49,52432.0,10.42.0.13,59827.0,HTTP,135,HTTP/1.1 200 OK  (application/pairing+tlv8),0.046829
3405,1132276.984534,10.42.0.13,50397.0,10.42.0.49,52432.0,TCP,54,50324  >  52432 [ACK] Seq=496 Ack=1344 Win=65535 Len=0,0.003253
3406,1170555.558843,10.42.0.49,52432.0,10.42.0.13,50575.0,TCP,54,52432  >  50555 [ACK] Seq=1781 Ack=497 Win=5344 Len=0,0.000112
3407,356630.931028,10.42.0.13,61878.0,10.42.0.49,52432.0,TCP,54,61881  >  52432 [ACK] Seq=496 Ack=1781 Win=65535 Len=0,0.003258
3408,1166875.787764,10.42.0.49,61395.0,99.81.71.200,443.0,TLSv1.2,555,Application Data,0.099686
3409,405153.05589,10.42.0.13,51449.0,10.42.0.28,80.0,TCP,54,51498  >  80 [ACK] Seq=515 Ack=104 Win=65535 Len=0,0.000106
3410,1132277.670343,10.42.0.13,50324.0,10.42.0.49,52432.0,TCP,54,50325  >  52432 [ACK] Seq=496 Ack=1781 Win=65535 Len=0,0.002559
3411,351019.564919,10.42.0.13,51387.0,10.42.0.28,80.0,TCP,54,51394  >  80 [ACK] Seq=515 Ack=104 Win=65535 Len=0,0.000105
3412,353509.106615,10.42.0.13,51388.0,10.42.0.49,52432.0,TCP,54,59808  >  52432 [ACK] Seq=1 Ack=1 Win=65535 Len=0,0.001017
3413,1176173.705832,10.42.0.49,52432.0,10.42.0.13,50702.0,TCP,54,52432  >  50832 [ACK] Seq=1781 Ack=497 Win=5344 Len=0,0.001015
3414,1181202.924596,10.42.0.49,52432.0,10.42.0.13,50992.0,TCP,54,52432  >  50902 [ACK] Seq=1 Ack=163 Win=5678 Len=0,0.139537
3415,351019.37305,10.42.0.28,55988.0,34.241.185.170,443.0,TCP,54,55988  >  443 [ACK] Seq=34918 Ack=2309 Win=2718 Len=0,0.229365
3416,1137820.924262,10.42.0.13,50395.0,10.42.0.28,80.0,TCP,54,52507  >  80 [ACK] Seq=483 Ack=103 Win=65535 Len=0,0.000111
3417,351019.362198,10.42.0.28,80.0,10.42.0.13,51366.0,TCP,58,"80  >  51383 [SYN, ACK] Seq=0 Ack=1 Win=2920 Len=0 MSS=1460",0.001251
3418,350984.715782,10.42.0.13,61719.0,10.42.0.49,52432.0,TCP,54,61871  >  52432 [ACK] Seq=163 Ack=221 Win=65535 Len=0,0.000267
3419,373255.138819,10.42.0.49,5353.0,224.0.0.251,5353.0,MDNS,305,"Standard query response 0x0000 PTR MSS210-9f39._hap._tcp.local SRV, cache flush 0 0 52432 Meross_Smart_Plug.local TXT, cache flush A,",
3420,1174451.52469,10.42.0.49,5353.0,10.42.0.13,5353.0,MDNS,174,"Standard query response 0x0000 TXT MSS210-9f39._hap._tcp.local, ""QU"" question TXT",0.000125
3421,238904.807032,10.42.0.13,51156.0,10.42.0.28,80.0,TCP,54,51174  >  80 [ACK] Seq=482 Ack=103 Win=65535 Len=0,0.000108
3422,1141442.013038,10.42.0.49,5353.0,10.42.0.13,5353.0,MDNS,174,"Standard query response 0x0000 TXT MSS210-9f39._hap._tcp.local, ""QU"" question TXT",0.008765
3423,351019.641892,10.42.0.13,51368.0,10.42.0.28,80.0,TCP,54,51349  >  80 [ACK] Seq=1 Ack=1 Win=65535 Len=0,0.004469
3424,423937.079383,10.42.0.49,5353.0,10.42.0.13,5353.0,MDNS,174,"Standard query response 0x0000 TXT MSS210-9f39._hap._tcp.local, ""QU"" question TXT",0.001125
3425,1165693.146962,10.42.0.49,52432.0,10.42.0.13,50756.0,HTTP,1096,Continuation,0.009248
3426,351019.120613,10.42.0.28,80.0,10.42.0.13,51365.0,TCP,58,"80  >  51383 [SYN, ACK] Seq=0 Ack=1 Win=2920 Len=0 MSS=1460",0.001321
3427,351019.054131,10.42.0.13,51368.0,10.42.0.28,80.0,TCP,54,51383  >  80 [ACK] Seq=483 Ack=102 Win=65535 Len=0,0.000106
3428,1164723.917554,10.42.0.49,61395.0,99.81.71.200,443.0,TCP,54,61395  >  443 [ACK] Seq=151926 Ack=13257 Win=5797 Len=0,0.107089
3429,1141423.891038,10.42.0.49,52432.0,10.42.0.13,50494.0,TCP,54,52432  >  50494 [ACK] Seq=1 Ack=163 Win=5678 Len=0,0.129613
3430,422072.558953,10.42.0.49,61389.0,54.216.1.110,443.0,TCP,54,61389  >  443 [ACK] Seq=193233 Ack=14491 Win=5840 Len=0,0.292197
3431,1132277.999442,10.42.0.49,61395.0,99.81.71.200,443.0,TLSv1.2,555,Application Data,0.036874
3432,1152939.198377,10.42.0.13,50597.0,10.42.0.49,52432.0,TCP,54,50599  >  52432 [ACK] Seq=1 Ack=1 Win=65535 Len=0,0.003558
3433,374897.015375,10.42.0.49,5353.0,10.42.0.13,5353.0,MDNS,174,"Standard query response 0x0000 TXT MSS210-9f39._hap._tcp.local, ""QU"" question TXT",0.001127
3434,1147843.808243,10.42.0.49,5353.0,10.42.0.13,5353.0,MDNS,174,"Standard query response 0x0000 TXT MSS210-9f39._hap._tcp.local, ""QU"" question TXT",0.000636
3435,1161216.49352,10.42.0.49,61395.0,99.81.71.200,443.0,TLSv1.2,539,Application Data,0.010226
3436,1136152.150462,10.42.0.49,52432.0,10.42.0.13,50615.0,TCP,54,[TCP Keep-Alive ACK] 52432  >  50414 [ACK] Seq=1781 Ack=496 Win=5345 Len=0,0.00
3437,360015.560331,10.42.0.13,51387.0,10.42.0.28,80.0,TCP,54,51353  >  80 [ACK] Seq=482 Ack=103 Win=65535 Len=0,0.000116
3438,3741.199871,10.42.0.140,59879.0,10.42.0.28,80.0,TCP,54,59898  >  80 [ACK] Seq=483 Ack=241 Win=65535 Len=0,0.002931
3439,1178006.152774,10.42.0.49,61395.0,99.81.71.200,443.0,TLSv1.2,555,Application Data,0.001376
3440,1152132.639043,10.42.0.49,61395.0,99.81.71.200,443.0,TLSv1.2,539,Application Data,0.135126
3441,1158389.788296,10.42.0.49,5353.0,10.42.0.13,5353.0,MDNS,174,"Standard query response 0x0000 TXT MSS210-9f39._hap._tcp.local, ""QU"" question TXT",0.000779
3442,351008.613891,10.42.0.13,51387.0,10.42.0.28,80.0,TCP,54,51363  >  80 [ACK] Seq=483 Ack=103 Win=65535 Len=0,0.000111
3443,1136030.667726,10.42.0.49,61395.0,99.81.71.200,443.0,TLSv1.2,539,Application Data,0.133093
3444,1146166.708863,10.42.0.49,52432.0,10.42.0.13,50705.0,TCP,54,"52432  >  50604 [FIN, ACK] Seq=1781 Ack=497 Win=5344 Len=0",0.007467
3445,416844.126469,10.42.0.49,52432.0,10.42.0.13,62547.0,TCP,54,52432  >  62554 [ACK] Seq=1 Ack=163 Win=5678 Len=0,0.139966
3446,1132277.930185,10.42.0.13,50326.0,10.42.0.49,52432.0,TCP,54,50320  >  52432 [ACK] Seq=496 Ack=1781 Win=65535 Len=0,0.003663
3447,373203.789789,10.42.0.49,5353.0,10.42.0.13,5353.0,MDNS,174,"Standard query response 0x0000 TXT MSS210-9f39._hap._tcp.local, ""QU"" question TXT",0.000432
3448,1137055.419528,10.42.0.49,5353.0,10.42.0.13,5353.0,MDNS,270,"Standard query response 0x0000 PTR _hap._tcp.local, ""QU"" question PTR MSS210-9f39._hap._tcp.local SRV 0 0 52432 Meross_Smart_Pl",
3449,1149943.43079,10.42.0.13,50504.0,10.42.0.49,52432.0,TCP,54,50541  >  52432 [ACK] Seq=163 Ack=221 Win=65535 Len=0,0.003589
3450,351019.53715,10.42.0.13,51353.0,10.42.0.28,80.0,TCP,54,51353  >  80 [ACK] Seq=1 Ack=1 Win=65535 Len=0,0.000107
3451,1132277.344785,10.42.0.49,61395.0,99.81.71.200,443.0,TLSv1.2,123,Application Data,2.298312
3452,351019.694979,10.42.0.13,51387.0,10.42.0.28,80.0,TCP,54,51393  >  80 [ACK] Seq=1 Ack=1 Win=65535 Len=0,0.000105
3453,1178006.920018,10.42.0.13,50948.0,10.42.0.49,52432.0,TCP,54,50968  >  52432 [ACK] Seq=1 Ack=1 Win=65535 Len=0,0.003756
3454,1170555.963095,10.42.0.13,50575.0,10.42.0.49,52432.0,TCP,54,50555  >  52432 [ACK] Seq=496 Ack=1781 Win=65535 Len=0,0.006766
3455,405060.853436,10.42.0.13,51446.0,10.42.0.28,80.0,TCP,54,51434  >  80 [ACK] Seq=515 Ack=104 Win=65535 Len=0,0.000116
3456,1155828.624797,10.42.0.49,61395.0,99.81.71.200,443.0,TCP,54,61395  >  443 [ACK] Seq=33078 Ack=28606 Win=5840 Len=0,0.111839
3457,1157058.859462,10.42.0.13,50599.0,10.42.0.49,52432.0,TCP,54,50599  >  52432 [ACK] Seq=163 Ack=221 Win=65535 Len=0,0.004165
3458,1156933.178733,10.42.0.49,5353.0,10.42.0.13,5353.0,MDNS,174,"Standard query response 0x0000 TXT MSS210-9f39._hap._tcp.local, ""QU"" question TXT",0.000878
3459,1178000.476176,10.42.0.49,52432.0,10.42.0.13,50881.0,HTTP,135,HTTP/1.1 200 OK  (application/pairing+tlv8),0.049791
3460,251263.097897,10.42.0.13,59874.0,10.42.0.49,52432.0,TCP,54,59859  >  52432 [ACK] Seq=497 Ack=1782 Win=65535 Len=0,0.000155
3461,240945.967391,10.42.0.13,59686.0,10.42.0.49,52432.0,TCP,54,59695  >  52432 [ACK] Seq=497 Ack=1782 Win=65535 Len=0,0.007976
3462,1152026.703078,10.42.0.13,50552.0,10.42.0.49,52432.0,TCP,54,50556  >  52432 [ACK] Seq=1 Ack=1 Win=65535 Len=0,0.001013
3463,405043.414874,10.42.0.28,80.0,10.42.0.13,51437.0,TCP,54,80  >  51427 [ACK] Seq=1 Ack=515 Win=2406 Len=0,0.001058
3464,1171123.333682,10.42.0.49,52432.0,10.42.0.13,50328.0,TCP,54,52432  >  50322 [ACK] Seq=1 Ack=163 Win=5678 Len=0,0.130269
3465,1151213.758825,10.42.0.49,52432.0,10.42.0.13,50581.0,HTTP,135,HTTP/1.1 200 OK  (application/pairing+tlv8),0.045353
3466,1148037.437412,10.42.0.49,52432.0,10.42.0.13,50494.0,TCP,54,52432  >  50494 [ACK] Seq=1 Ack=163 Win=5678 Len=0,0.002659
3467,1166693.04209,10.42.0.49,61395.0,99.81.71.200,443.0,TLSv1.2,539,Application Data,0.123154
3468,1148669.12489,10.42.0.49,61395.0,99.81.71.200,443.0,TLSv1.2,555,Application Data,0.02316
3469,351063.331992,10.42.0.28,55988.0,34.241.185.170,443.0,TLSv1.2,123,Application Data,1.737918
3470,351019.679958,10.42.0.13,51381.0,10.42.0.28,80.0,TCP,54,51394  >  80 [ACK] Seq=1 Ack=1 Win=65535 Len=0,0.000109
3471,1149532.026088,10.42.0.49,52432.0,10.42.0.13,50553.0,TCP,54,52432  >  50505 [ACK] Seq=1781 Ack=497 Win=5344 Len=0,0.000145
3472,422692.15837,10.42.0.49,5353.0,10.42.0.13,5353.0,MDNS,174,"Standard query response 0x0000 TXT MSS210-9f39._hap._tcp.local, ""QU"" question TXT",0.000978
3473,321277.393715,10.42.0.49,5353.0,10.42.0.13,5353.0,MDNS,174,"Standard query response 0x0000 TXT MSS210-9f39._hap._tcp.local, ""QU"" question TXT",0.001117
3474,1156060.574647,10.42.0.49,5353.0,10.42.0.13,5353.0,MDNS,174,"Standard query response 0x0000 TXT MSS210-9f39._hap._tcp.local, ""QU"" question TXT",0.000104
3475,1156907.134173,10.42.0.49,52432.0,10.42.0.13,50494.0,TCP,54,52432  >  50532 [ACK] Seq=1 Ack=163 Win=5678 Len=0,0.101667
3476,351024.967851,10.42.0.13,51378.0,10.42.0.28,80.0,TCP,54,51383  >  80 [ACK] Seq=483 Ack=103 Win=65535 Len=0,0.000105
3477,1150929.112669,10.42.0.13,50556.0,10.42.0.49,52432.0,TCP,54,50560  >  52432 [ACK] Seq=414 Ack=302 Win=65535 Len=0,0.000105
3478,1170555.790358,10.42.0.13,50756.0,10.42.0.49,52432.0,TCP,54,50555  >  52432 [ACK] Seq=496 Ack=1781 Win=65535 Len=0,0.004397
3479,351019.395955,10.42.0.13,51353.0,10.42.0.28,80.0,TCP,54,51353  >  80 [ACK] Seq=1 Ack=1 Win=65535 Len=0,0.00427
3480,1171338.762722,10.42.0.49,52432.0,10.42.0.13,50320.0,TCP,54,52432  >  50321 [ACK] Seq=1 Ack=163 Win=5678 Len=0,0.002404
3481,322252.792816,10.42.0.49,52432.0,10.42.0.13,60954.0,TCP,54,"52432  >  60914 [FIN, ACK] Seq=1781 Ack=497 Win=5344 Len=0",0.001785
3482,1141427.756425,10.42.0.49,5353.0,10.42.0.13,5353.0,MDNS,174,"Standard query response 0x0000 TXT MSS210-9f39._hap._tcp.local, ""QU"" question TXT",0.000639
3483,1149326.557523,10.42.0.49,52432.0,10.42.0.13,50570.0,TCP,54,52432  >  50532 [ACK] Seq=1781 Ack=497 Win=5344 Len=0,0.000117
3484,1176129.935157,10.42.0.13,50857.0,10.42.0.49,52432.0,TCP,54,50759  >  52432 [ACK] Seq=497 Ack=1782 Win=65535 Len=0,0.005965
3485,353509.460043,10.42.0.28,80.0,10.42.0.13,51385.0,TCP,58,"80  >  51366 [SYN, ACK] Seq=0 Ack=1 Win=2920 Len=0 MSS=1460",0.000103
3486,1141426.812275,10.42.0.49,5353.0,10.42.0.13,5353.0,MDNS,174,"Standard query response 0x0000 TXT MSS210-9f39._hap._tcp.local, ""QU"" question TXT",0.010555
3487,356592.647871,10.42.0.49,52432.0,10.42.0.13,61828.0,TCP,54,52432  >  61870 [ACK] Seq=1781 Ack=497 Win=5344 Len=0,0.001114
3488,235925.198512,10.42.0.13,59732.0,10.42.0.28,80.0,TCP,54,52911  >  80 [ACK] Seq=1 Ack=1 Win=65535 Len=0,0.001107
3489,1183227.673814,10.42.0.49,52432.0,10.42.0.13,50328.0,HTTP,135,HTTP/1.1 200 OK  (application/pairing+tlv8),0.043488
3490,351019.55335,10.42.0.13,51353.0,10.42.0.28,80.0,TCP,54,51343  >  80 [ACK] Seq=1 Ack=1 Win=65535 Len=0,0.000107
3491,351019.673313,10.42.0.28,80.0,10.42.0.13,51353.0,TCP,54,80  >  51383 [ACK] Seq=1 Ack=483 Win=2438 Len=0,0.002199
3492,1182027.647875,10.42.0.49,52432.0,10.42.0.13,50810.0,TCP,54,52432  >  50949 [ACK] Seq=1 Ack=163 Win=5678 Len=0,0.101015
3493,1132277.537165,10.42.0.49,61395.0,99.81.71.200,443.0,TCP,54,61395  >  443 [ACK] Seq=34976 Ack=158256 Win=5111 Len=0,0.152529
3494,1132277.972913,10.42.0.49,52432.0,10.42.0.13,50312.0,TCP,54,52432  >  50323 [ACK] Seq=1 Ack=163 Win=5678 Len=0,0.177436
3495,355631.492859,10.42.0.28,55988.0,34.241.185.170,443.0,TLSv1.2,123,Application Data,4.452543
3496,1170584.621448,10.42.0.49,5353.0,10.42.0.13,5353.0,MDNS,174,"Standard query response 0x0000 TXT MSS210-9f39._hap._tcp.local, ""QU"" question TXT",0.000675
3497,351002.001316,10.42.0.28,80.0,10.42.0.13,51350.0,TCP,58,"80  >  51351 [SYN, ACK] Seq=0 Ack=1 Win=2920 Len=0 MSS=1460",0.001107
3498,422073.852646,10.42.0.13,62612.0,10.42.0.49,52432.0,TCP,54,62626  >  52432 [ACK] Seq=414 Ack=302 Win=65535 Len=0,0.000252
3499,318572.413011,10.42.0.49,5353.0,10.42.0.13,5353.0,MDNS,174,"Standard query response 0x0000 TXT MSS210-9f39._hap._tcp.local, ""QU"" question TXT",0.000265
3500,1165690.082458,10.42.0.49,61395.0,99.81.71.200,443.0,TLSv1.2,123,Application Data,37.98086
3501,1165693.828053,10.42.0.49,61395.0,99.81.71.200,443.0,TLSv1.2,539,Application Data,0.106186
3502,422073.572637,10.42.0.49,61389.0,54.216.1.110,443.0,TCP,54,61389  >  443 [ACK] Seq=11247 Ack=3491 Win=5653 Len=0,0.191886
3503,1161212.942317,10.42.0.49,61395.0,99.81.71.200,443.0,TLSv1.2,539,Application Data,0.179714
3504,1132277.32238,10.42.0.13,50329.0,10.42.0.49,52432.0,TCP,54,50320  >  52432 [ACK] Seq=496 Ack=1781 Win=65535 Len=0,0.001524
3505,1176954.14406,10.42.0.49,52432.0,10.42.0.13,50705.0,TCP,54,52432  >  50505 [ACK] Seq=1781 Ack=497 Win=5344 Len=0,0.000113
3506,1132277.503321,10.42.0.13,50393.0,10.42.0.49,52432.0,TCP,54,50322  >  52432 [ACK] Seq=496 Ack=1344 Win=65535 Len=0,0.003113
3507,1132277.470418,10.42.0.13,50326.0,10.42.0.49,52432.0,TCP,54,50323  >  52432 [ACK] Seq=414 Ack=302 Win=65535 Len=0,0.001057
3508,1143473.886026,10.42.0.49,5353.0,10.42.0.13,5353.0,MDNS,174,"Standard query response 0x0000 TXT MSS210-9f39._hap._tcp.local, ""QU"" question TXT",0.000292
3509,1141900.606647,10.42.0.49,5353.0,10.42.0.13,5353.0,MDNS,174,"Standard query response 0x0000 TXT MSS210-9f39._hap._tcp.local, ""QU"" question TXT",0.000263
3510,1134780.741383,10.42.0.13,50392.0,10.42.0.49,52432.0,TCP,54,50394  >  52432 [ACK] Seq=497 Ack=1782 Win=65535 Len=0,0.003556
3511,1165691.05862,10.42.0.49,5353.0,10.42.0.13,5353.0,MDNS,174,"Standard query response 0x0000 TXT MSS210-9f39._hap._tcp.local, ""QU"" question TXT",0.008658
3512,1170598.288589,10.42.0.13,50911.0,10.42.0.49,52432.0,TCP,54,50959  >  52432 [ACK] Seq=163 Ack=221 Win=65535 Len=0,0.000111
3513,1151209.663791,10.42.0.49,61395.0,99.81.71.200,443.0,TCP,54,61395  >  443 [ACK] Seq=25007 Ack=131899 Win=5702 Len=0,0.270786
3514,1158384.418814,10.42.0.13,50594.0,10.42.0.49,52432.0,TCP,54,50531  >  52432 [ACK] Seq=1 Ack=1 Win=65535 Len=0,0.002515
3515,351019.458655,10.42.0.13,51387.0,10.42.0.28,80.0,TCP,54,51351  >  80 [ACK] Seq=1 Ack=1 Win=65535 Len=0,0.000105
3516,1137119.051758,10.42.0.49,52432.0,10.42.0.13,50555.0,TCP,58,"52432  >  50505 [SYN, ACK] Seq=0 Ack=1 Win=5840 Len=0 MSS=1460",0.00010
3517,411001.692511,10.42.0.13,51765.0,10.42.0.28,80.0,TCP,54,51715  >  80 [ACK] Seq=1 Ack=1 Win=65535 Len=0,0.00445
3518,1156947.23907,10.42.0.49,61395.0,99.81.71.200,443.0,TLSv1.2,123,Application Data,3.037372
3519,1171135.062863,10.42.0.49,5353.0,10.42.0.13,5353.0,MDNS,174,"Standard query response 0x0000 TXT MSS210-9f39._hap._tcp.local, ""QU"" question TXT",0.008539
3520,1132277.963026,10.42.0.49,52432.0,10.42.0.13,50330.0,TCP,54,52432  >  50320 [ACK] Seq=1781 Ack=497 Win=5344 Len=0,0.002188
3521,1132279.890149,10.42.0.49,52432.0,10.42.0.13,50324.0,TCP,54,52432  >  50320 [ACK] Seq=1 Ack=163 Win=5678 Len=0,0.152249
3522,1132277.97887,10.42.0.13,50819.0,10.42.0.49,52432.0,TCP,54,50872  >  52432 [ACK] Seq=414 Ack=302 Win=65535 Len=0,0.001466
3523,1134947.037925,10.42.0.49,5353.0,10.42.0.13,5353.0,MDNS,174,"Standard query response 0x0000 TXT MSS210-9f39._hap._tcp.local, ""QU"" question TXT",0.010258
3524,1148747.681041,10.42.0.49,5353.0,10.42.0.13,5353.0,MDNS,174,"Standard query response 0x0000 TXT MSS210-9f39._hap._tcp.local, ""QU"" question TXT",0.002641
3525,351019.415311,10.42.0.28,80.0,10.42.0.13,51373.0,TCP,58,"80  >  51368 [SYN, ACK] Seq=0 Ack=1 Win=2920 Len=0 MSS=1460",0.000129
3526,1157416.662346,10.42.0.49,61395.0,99.81.71.200,443.0,TLSv1.2,539,Application Data,0.099872
3527,351019.63963,10.42.0.28,55988.0,34.241.185.170,443.0,TLSv1.2,123,Application Data,3.718941
3528,351024.631823,10.42.0.13,59478.0,10.42.0.49,80.0,TCP,54,59438  >  80 [ACK] Seq=1 Ack=1 Win=65535 Len=0,0.002109
3529,369043.952892,10.42.0.49,5353.0,10.42.0.13,5353.0,MDNS,174,"Standard query response 0x0000 TXT MSS210-9f39._hap._tcp.local, ""QU"" question TXT",0.010426
3530,1132277.506661,10.42.0.49,5353.0,10.42.0.13,5353.0,MDNS,270,"Standard query response 0x0000 PTR _hap._tcp.local, ""QU"" question PTR MSS210-9f39._hap._tcp.local SRV 0 0 52432 Meross_Smart_Pl",
3531,351019.924948,10.42.0.13,51363.0,10.42.0.28,80.0,TCP,54,51392  >  80 [ACK] Seq=1 Ack=1 Win=65535 Len=0,0.00445
3532,350988.135366,10.42.0.49,52432.0,10.42.0.13,61810.0,HTTP,491,Continuation,0.001359
3533,354424.905645,10.42.0.13,61810.0,10.42.0.49,52432.0,TCP,54,61859  >  52432 [ACK] Seq=496 Ack=1781 Win=65535 Len=0,0.006511
3534,351019.810037,10.42.0.28,80.0,10.42.0.13,51349.0,TCP,54,80  >  51371 [ACK] Seq=1 Ack=515 Win=2406 Len=0,0.002467
3535,356.81614,10.42.0.49,80.0,10.42.0.140,59887.0,TCP,58,"80  >  59888 [SYN, ACK] Seq=0 Ack=1 Win=2920 Len=0 MSS=1460",0.000124
3536,419373.98005,10.42.0.49,52432.0,10.42.0.13,62489.0,TCP,54,52432  >  62470 [ACK] Seq=1781 Ack=497 Win=5344 Len=0,0.000158
3537,1150941.688096,10.42.0.49,5353.0,10.42.0.13,5353.0,MDNS,174,"Standard query response 0x0000 TXT MSS210-9f39._hap._tcp.local, ""QU"" question TXT",0.010111
3538,1141423.710354,10.42.0.49,5353.0,224.0.0.251,5353.0,MDNS,305,"Standard query response 0x0000 PTR MSS210-9f39._hap._tcp.local SRV, cache flush 0 0 52432 Meross_Smart_Plug.local TXT, cache flush A",
3539,1147795.236043,10.42.0.49,5353.0,10.42.0.13,5353.0,MDNS,174,"Standard query response 0x0000 TXT MSS210-9f39._hap._tcp.local, ""QU"" question TXT",0.008135
3540,351015.704588,10.42.0.13,51353.0,10.42.0.28,80.0,TCP,54,51353  >  80 [ACK] Seq=483 Ack=103 Win=65535 Len=0,0.000101
3541,422073.803645,10.42.0.49,5353.0,10.42.0.13,5353.0,MDNS,174,"Standard query response 0x0000 TXT MSS210-9f39._hap._tcp.local, ""QU"" question TXT",0.000464
3542,1161207.694683,10.42.0.49,52432.0,10.42.0.13,50703.0,HTTP,135,HTTP/1.1 200 OK  (application/pairing+tlv8),0.046136
3543,1156060.802531,10.42.0.49,5353.0,10.42.0.13,5353.0,MDNS,174,"Standard query response 0x0000 TXT MSS210-9f39._hap._tcp.local, ""QU"" question TXT",0.001052
3544,256373.600275,10.42.0.49,5353.0,10.42.0.13,5353.0,MDNS,174,"Standard query response 0x0000 TXT MSS210-9f39._hap._tcp.local, ""QU"" question TXT",0.002458
3545,1182027.808345,10.42.0.13,59149.0,10.42.0.49,52432.0,TCP,54,50946  >  52432 [ACK] Seq=496 Ack=1781 Win=65535 Len=0,0.003599
3546,324132.167343,10.42.0.49,5353.0,10.42.0.13,5353.0,MDNS,174,"Standard query response 0x0000 TXT MSS210-9f39._hap._tcp.local, ""QU"" question TXT",0.000349
3547,1132277.712594,10.42.0.13,50326.0,10.42.0.49,52432.0,TCP,54,50326  >  52432 [ACK] Seq=414 Ack=302 Win=65535 Len=0,0.003849
3548,351019.808599,10.42.0.28,80.0,10.42.0.13,51341.0,TCP,54,80  >  51365 [ACK] Seq=1 Ack=482 Win=2438 Len=0,0.002789
3549,362254.586118,10.42.0.49,5353.0,10.42.0.13,5353.0,MDNS,174,"Standard query response 0x0000 TXT MSS210-9f39._hap._tcp.local, ""QU"" question TXT",0.000681
3550,1163949.541775,10.42.0.49,52432.0,10.42.0.13,50530.0,HTTP,1096,Continuation,0.006011
3551,1183855.636258,10.42.0.49,61395.0,99.81.71.200,443.0,TLSv1.2,123,Application Data,31.74572
3552,1158387.570949,10.42.0.49,61395.0,99.81.71.200,443.0,TLSv1.2,539,Application Data,0.12446
3553,362004.439998,10.42.0.13,61888.0,10.42.0.49,52432.0,TCP,54,61888  >  52432 [ACK] Seq=496 Ack=1344 Win=65535 Len=0,0.003511
3554,350698.80457,10.42.0.49,52432.0,10.42.0.13,61881.0,TCP,54,52432  >  61874 [ACK] Seq=1781 Ack=497 Win=5344 Len=0,0.000128
3555,1176669.529114,10.42.0.49,5353.0,10.42.0.13,5353.0,MDNS,174,"Standard query response 0x0000 TXT MSS210-9f39._hap._tcp.local, ""QU"" question TXT",0.004652
3556,1171129.410341,10.42.0.49,5353.0,10.42.0.13,5353.0,MDNS,174,"Standard query response 0x0000 TXT MSS210-9f39._hap._tcp.local, ""QU"" question TXT",0.001185
3557,422075.078322,10.42.0.49,61389.0,54.216.1.110,443.0,TCP,54,61389  >  443 [ACK] Seq=111282 Ack=7999 Win=5349 Len=0,0.135252
3558,1183203.643379,10.42.0.49,52432.0,10.42.0.13,51033.0,TCP,54,52432  >  50363 [ACK] Seq=1 Ack=163 Win=5678 Len=0,0.002577
3559,1150923.190058,10.42.0.13,50551.0,10.42.0.49,52432.0,TCP,54,50551  >  52432 [ACK] Seq=1 Ack=1 Win=65535 Len=0,0.001016
3560,1153555.758819,10.42.0.13,50590.0,10.42.0.49,52432.0,TCP,54,50556  >  52432 [ACK] Seq=496 Ack=1344 Win=65535 Len=0,0.000751
3561,350431.006511,10.42.0.28,80.0,10.42.0.13,51341.0,TCP,58,"80  >  51383 [SYN, ACK] Seq=0 Ack=1 Win=2920 Len=0 MSS=1460",0.000179
3562,1164904.818575,10.42.0.49,61395.0,99.81.71.200,443.0,TLSv1.2,123,Application Data,19.796423
3563,1143471.148086,10.42.0.49,52432.0,10.42.0.13,50506.0,HTTP,1096,Continuation,0.006463
3564,3741.54248,10.42.0.140,59870.0,10.42.0.28,80.0,TCP,54,59878  >  80 [ACK] Seq=483 Ack=248 Win=65535 Len=0,0.000105
3565,319842.370689,10.42.0.13,60888.0,10.42.0.49,52432.0,TCP,54,60888  >  52432 [ACK] Seq=497 Ack=1782 Win=65535 Len=0,0.003652
3566,1148679.81514,10.42.0.49,52432.0,10.42.0.13,50694.0,TCP,54,52432  >  50949 [ACK] Seq=1 Ack=163 Win=5678 Len=0,0.130191
3567,1171127.78643,10.42.0.13,50826.0,10.42.0.49,52432.0,TCP,54,50856  >  52432 [ACK] Seq=414 Ack=302 Win=65535 Len=0,0.003532
3568,351024.985046,10.42.0.13,51387.0,10.42.0.28,80.0,TCP,54,51367  >  80 [ACK] Seq=483 Ack=103 Win=65535 Len=0,0.000108
3569,351019.025377,10.42.0.13,51363.0,10.42.0.28,80.0,TCP,54,51343  >  80 [ACK] Seq=482 Ack=103 Win=65535 Len=0,0.000105
3570,320015.329275,10.42.0.13,50157.0,10.42.0.28,80.0,TCP,54,50741  >  80 [ACK] Seq=1 Ack=1 Win=65535 Len=0,0.000105
3571,1174245.08009,10.42.0.49,5353.0,10.42.0.13,5353.0,MDNS,174,"Standard query response 0x0000 TXT MSS210-9f39._hap._tcp.local, ""QU"" question TXT",0.000127
3572,1178006.961581,10.42.0.49,52432.0,10.42.0.13,50881.0,TCP,54,52432  >  50683 [ACK] Seq=1 Ack=163 Win=5678 Len=0,0.101018
3573,1175692.058979,10.42.0.49,5353.0,10.42.0.13,5353.0,MDNS,174,"Standard query response 0x0000 TXT MSS210-9f39._hap._tcp.local, ""QU"" question TXT",0.005275
3574,1142649.760415,10.42.0.13,50552.0,10.42.0.49,52432.0,TCP,54,50552  >  52432 [ACK] Seq=414 Ack=302 Win=65535 Len=0,0.000145
3575,1154086.088264,10.42.0.49,5353.0,10.42.0.13,5353.0,MDNS,174,"Standard query response 0x0000 TXT MSS210-9f39._hap._tcp.local, ""QU"" question TXT",0.005755
3576,1165691.128247,10.42.0.49,52432.0,10.42.0.13,50708.0,TCP,54,52432  >  50532 [ACK] Seq=1 Ack=163 Win=5678 Len=0,0.006897
3577,412117.777749,10.42.0.49,61389.0,54.216.1.110,443.0,TCP,54,61389  >  443 [ACK] Seq=110472 Ack=12768 Win=5840 Len=0,0.120259
3578,1157084.122189,10.42.0.13,50555.0,10.42.0.49,52432.0,TCP,54,50559  >  52432 [ACK] Seq=414 Ack=302 Win=65535 Len=0,0.000243
3579,324132.241823,10.42.0.13,50380.0,10.42.0.49,80.0,TCP,54,50340  >  80 [ACK] Seq=483 Ack=103 Win=65535 Len=0,0.000111
3580,238904.854512,10.42.0.13,50939.0,10.42.0.28,80.0,TCP,54,52959  >  80 [ACK] Seq=482 Ack=102 Win=65535 Len=0,0.000105
3581,353509.459989,10.42.0.13,5353.0,10.42.0.49,5353.0,MDNS,87,"Standard query 0x0000 TXT MSS210-9f39._hap._tcp.local, ""QU"" question",0.009525
3582,1132277.714376,10.42.0.13,50395.0,10.42.0.49,52432.0,TCP,54,50326  >  52432 [ACK] Seq=496 Ack=1781 Win=65535 Len=0,0.003793
3583,355098.108421,10.42.0.13,51349.0,10.42.0.28,80.0,TCP,54,51343  >  80 [ACK] Seq=514 Ack=104 Win=65535 Len=0,0.000105
3584,1132276.96098,10.42.0.49,5353.0,10.42.0.13,5353.0,MDNS,174,"Standard query response 0x0000 TXT MSS210-9f39._hap._tcp.local, ""QU"" question TXT",0.000492
3585,420005.923538,10.42.0.13,51474.0,10.42.0.28,80.0,TCP,54,51434  >  80 [ACK] Seq=514 Ack=104 Win=65535 Len=0,0.000105
3586,1162454.41163,10.42.0.49,61395.0,99.81.71.200,443.0,TLSv1.2,539,Application Data,0.107852
3587,1160073.533261,10.42.0.49,5353.0,10.42.0.13,5353.0,MDNS,174,"Standard query response 0x0000 TXT MSS210-9f39._hap._tcp.local, ""QU"" question TXT",0.000763
3588,355631.615351,10.42.0.49,5353.0,10.42.0.13,5353.0,MDNS,174,"Standard query response 0x0000 TXT MSS210-9f39._hap._tcp.local, ""QU"" question TXT",0.000637
3589,405043.412991,10.42.0.13,51492.0,10.42.0.28,80.0,TCP,54,51496  >  80 [ACK] Seq=583 Ack=103 Win=65535 Len=0,0.000111
3590,1143463.470466,10.42.0.49,52432.0,10.42.0.13,50535.0,TCP,54,52432  >  50505 [ACK] Seq=1 Ack=163 Win=5678 Len=0,0.003714
3591,1132277.97909,10.42.0.13,50341.0,10.42.0.49,52432.0,TCP,54,50811  >  52432 [ACK] Seq=496 Ack=1344 Win=65535 Len=0,0.000111
3592,238903.481976,10.42.0.13,51150.0,10.42.0.28,80.0,TCP,54,51159  >  80 [ACK] Seq=1 Ack=1 Win=65535 Len=0,0.006399
3593,1153825.358515,10.42.0.13,50590.0,10.42.0.49,52432.0,TCP,54,50551  >  52432 [ACK] Seq=496 Ack=1781 Win=65535 Len=0,0.003198
3594,1183616.858547,10.42.0.49,5353.0,10.42.0.13,5353.0,MDNS,174,"Standard query response 0x0000 TXT MSS210-9f39._hap._tcp.local, ""QU"" question TXT",0.009065
3595,1174787.571657,10.42.0.49,61395.0,99.81.71.200,443.0,TCP,54,61395  >  443 [ACK] Seq=112832 Ack=110668 Win=5840 Len=0,0.127269
3596,1178008.545312,10.42.0.49,52432.0,10.42.0.13,50633.0,TCP,54,52432  >  50532 [ACK] Seq=1781 Ack=497 Win=5344 Len=0,0.000113
3597,1150942.925383,10.42.0.49,5353.0,10.42.0.13,5353.0,MDNS,270,"Standard query response 0x0000 PTR _hap._tcp.local, ""QU"" question PTR MSS210-9f39._hap._tcp.local SRV 0 0 52432 Meross_Smart_Pl",
3598,351008.162886,10.42.0.13,51347.0,10.42.0.28,80.0,TCP,54,51368  >  80 [ACK] Seq=483 Ack=103 Win=65535 Len=0,0.000101
3599,1174734.185618,10.42.0.49,52432.0,10.42.0.13,50864.0,TCP,54,52432  >  50494 [ACK] Seq=1 Ack=163 Win=5678 Len=0,0.106837
3600,1166630.587272,10.42.0.49,61395.0,99.81.71.200,443.0,TLSv1.2,123,Application Data,10.07285
3601,1132277.598325,10.42.0.49,61395.0,99.81.71.200,443.0,TCP,54,61395  >  443 [ACK] Seq=325616 Ack=1688 Win=5840 Len=0,0.107467
3602,1162466.090947,10.42.0.13,50505.0,10.42.0.49,52432.0,TCP,54,50524  >  52432 [ACK] Seq=163 Ack=221 Win=65535 Len=0,0.000107
3603,1164780.689034,10.42.0.13,50752.0,10.42.0.49,52432.0,TCP,54,50708  >  52432 [ACK] Seq=496 Ack=1781 Win=65535 Len=0,0.003753
3604,1132279.29907,10.42.0.49,52432.0,10.42.0.13,50366.0,HTTP,135,HTTP/1.1 200 OK  (application/pairing+tlv8),0.044674
3605,1170392.053171,10.42.0.13,50752.0,10.42.0.49,52432.0,TCP,54,50759  >  52432 [ACK] Seq=414 Ack=302 Win=65535 Len=0,0.000111
3606,1162477.480817,10.42.0.13,50524.0,10.42.0.49,52432.0,TCP,54,50820  >  52432 [ACK] Seq=496 Ack=1781 Win=65535 Len=0,0.005397
3607,1170548.024691,10.42.0.49,52432.0,10.42.0.13,50948.0,TCP,54,52432  >  50614 [ACK] Seq=1 Ack=163 Win=5678 Len=0,0.104798
3608,1132277.487212,10.42.0.13,50326.0,10.42.0.49,52432.0,TCP,54,50326  >  52432 [ACK] Seq=496 Ack=1781 Win=65535 Len=0,0.003193
3609,1147077.415474,10.42.0.49,52432.0,10.42.0.13,50409.0,TCP,54,52432  >  50494 [ACK] Seq=1781 Ack=497 Win=5344 Len=0,0.005251
3610,351015.102615,10.42.0.28,80.0,10.42.0.13,51365.0,TCP,58,"80  >  51351 [SYN, ACK] Seq=0 Ack=1 Win=2920 Len=0 MSS=1460",0.000105
3611,1132277.590963,10.42.0.49,52432.0,10.42.0.13,50328.0,TCP,54,52432  >  50368 [ACK] Seq=1 Ack=163 Win=5678 Len=0,0.125096
3612,351019.199516,10.42.0.13,51353.0,10.42.0.28,80.0,TCP,54,51395  >  80 [ACK] Seq=1 Ack=1 Win=65535 Len=0,0.000106
3613,1154692.415413,10.42.0.13,50555.0,10.42.0.49,52432.0,TCP,54,50551  >  52432 [ACK] Seq=496 Ack=1781 Win=65535 Len=0,0.000111
3614,351019.076311,10.42.0.13,51387.0,10.42.0.28,80.0,TCP,54,51381  >  80 [ACK] Seq=482 Ack=103 Win=65535 Len=0,0.000104
3615,356506.242448,10.42.0.49,52432.0,10.42.0.13,61819.0,HTTP,1096,Continuation,0.007145
3616,1165693.031412,10.42.0.49,61395.0,99.81.71.200,443.0,TCP,54,61395  >  443 [ACK] Seq=15988 Ack=10659 Win=5702 Len=0,0.096989
3617,1152977.121263,10.42.0.49,52432.0,10.42.0.13,50494.0,TCP,54,52432  >  50495 [ACK] Seq=1 Ack=163 Win=5678 Len=0,0.104797
3618,1177478.441574,10.42.0.49,52432.0,10.42.0.13,50850.0,TCP,54,52432  >  50850 [ACK] Seq=1781 Ack=497 Win=5344 Len=0,0.001423
3619,1163330.592125,10.42.0.49,5353.0,10.42.0.13,5353.0,MDNS,174,"Standard query response 0x0000 TXT MSS210-9f39._hap._tcp.local, ""QU"" question TXT",0.000865
3620,351008.311094,10.42.0.28,80.0,10.42.0.13,51383.0,TCP,54,80  >  51382 [ACK] Seq=1 Ack=515 Win=2406 Len=0,0.002673
3621,373203.434265,10.42.0.13,5353.0,10.42.0.49,5353.0,MDNS,87,"Standard query 0x0000 TXT MSS210-9f39._hap._tcp.local, ""QU"" question",0.001116
3622,1161217.316717,10.42.0.49,5353.0,10.42.0.13,5353.0,MDNS,174,"Standard query response 0x0000 TXT MSS210-9f39._hap._tcp.local, ""QU"" question TXT",0.001076
3623,1170360.593345,10.42.0.49,5353.0,10.42.0.13,5353.0,MDNS,174,"Standard query response 0x0000 TXT MSS210-9f39._hap._tcp.local, ""QU"" question TXT",0.010226
3624,1166688.916068,10.42.0.49,61395.0,99.81.71.200,443.0,TLSv1.2,539,Application Data,0.131535
3625,1132280.648769,10.42.0.49,61395.0,99.81.71.200,443.0,TCP,54,61395  >  443 [ACK] Seq=32106 Ack=221916 Win=5702 Len=0,0.262095
3626,3742.07485,10.42.0.28,80.0,10.42.0.140,60285.0,TCP,54,80  >  60288 [ACK] Seq=1 Ack=483 Win=2438 Len=0,0.002169
3627,1182027.874345,10.42.0.13,50990.0,10.42.0.49,52432.0,TCP,54,50940  >  52432 [ACK] Seq=496 Ack=1344 Win=65535 Len=0,0.002325
3628,1132277.775744,10.42.0.13,65050.0,10.42.0.28,80.0,TCP,54,65050  >  80 [ACK] Seq=1 Ack=1 Win=65535 Len=0,0.00106
3629,376232.093254,10.42.0.49,5353.0,10.42.0.13,5353.0,MDNS,174,"Standard query response 0x0000 TXT MSS210-9f39._hap._tcp.local, ""QU"" question TXT",0.001145
3630,1152621.25062,10.42.0.49,5353.0,224.0.0.251,5353.0,MDNS,291,"Standard query response 0x0000 TXT, cache flush SRV, cache flush 0 0 52432 Meross_Smart_Plug.local A, cache flush 10.42.0.49 AAAA",
3631,1176170.545823,10.42.0.49,61395.0,99.81.71.200,443.0,TCP,54,61395  >  443 [ACK] Seq=25596 Ack=17978 Win=5840 Len=0,0.108071
3632,1163039.602678,10.42.0.49,61395.0,99.81.71.200,443.0,TLSv1.2,539,Application Data,0.137988
3633,315228.313933,10.42.0.13,59432.0,10.42.0.28,80.0,TCP,54,59434  >  80 [ACK] Seq=483 Ack=103 Win=65535 Len=0,0.000112
3634,373203.138658,10.42.0.49,61388.0,54.216.1.110,443.0,TLSv1.2,539,Application Data,0.138531
3635,1132277.583313,10.42.0.49,61395.0,99.81.71.200,443.0,TLSv1.2,123,Application Data,36.91853
3636,1163363.779734,10.42.0.49,61395.0,99.81.71.200,443.0,TLSv1.2,539,Application Data,0.133037
3637,240002.491486,10.42.0.49,52432.0,10.42.0.13,59484.0,HTTP,135,HTTP/1.1 200 OK  (application/pairing+tlv8),0.044899
3638,351002.049095,10.42.0.13,51347.0,10.42.0.28,80.0,TCP,54,51394  >  80 [ACK] Seq=1 Ack=1 Win=65535 Len=0,0.004531
3639,1155583.715824,10.42.0.49,61395.0,99.81.71.200,443.0,TLSv1.2,539,Application Data,0.034802
3640,1165693.091733,10.42.0.49,5353.0,224.0.0.251,5353.0,MDNS,291,"Standard query response 0x0000 TXT, cache flush SRV, cache flush 0 0 52432 Meross_Smart_Plug.local A, cache flush 10.42.0.49 AAA",
3641,405089.912362,10.42.0.28,80.0,10.42.0.13,51462.0,TCP,58,"80  >  51496 [SYN, ACK] Seq=0 Ack=1 Win=2920 Len=0 MSS=1460",0.001011
3642,318572.530057,10.42.0.13,61382.0,10.42.0.28,80.0,TCP,54,59687  >  80 [ACK] Seq=482 Ack=103 Win=65535 Len=0,0.000158
3643,1141874.866842,10.42.0.13,50604.0,10.42.0.49,52432.0,TCP,54,50404  >  52432 [ACK] Seq=496 Ack=1781 Win=65535 Len=0,0.004722
3644,1148936.570155,10.42.0.13,50552.0,10.42.0.49,52432.0,TCP,54,50551  >  52432 [ACK] Seq=497 Ack=1782 Win=65535 Len=0,0.003552
3645,1158255.245148,10.42.0.13,50557.0,10.42.0.49,52432.0,TCP,54,50555  >  52432 [ACK] Seq=163 Ack=221 Win=65535 Len=0,0.000157
3646,1175558.948944,10.42.0.49,5353.0,10.42.0.13,5353.0,MDNS,174,"Standard query response 0x0000 TXT MSS210-9f39._hap._tcp.local, ""QU"" question TXT",0.000926
3647,1132277.262655,10.42.0.13,50395.0,10.42.0.49,52432.0,TCP,54,50590  >  52432 [ACK] Seq=496 Ack=1344 Win=65535 Len=0,0.003655
3648,1150949.49925,10.42.0.13,50557.0,10.42.0.49,52432.0,TCP,54,50555  >  52432 [ACK] Seq=414 Ack=302 Win=65535 Len=0,0.000359
3649,321277.293525,10.42.0.49,5353.0,10.42.0.13,5353.0,MDNS,174,"Standard query response 0x0000 TXT MSS210-9f39._hap._tcp.local, ""QU"" question TXT",0.004145
3650,1174718.816152,10.42.0.49,52432.0,10.42.0.13,50894.0,TCP,54,52432  >  50491 [ACK] Seq=1 Ack=163 Win=5678 Len=0,0.002457
3651,410992.07344,10.42.0.49,52432.0,10.42.0.13,62553.0,TCP,54,52432  >  62592 [ACK] Seq=1 Ack=163 Win=5678 Len=0,0.004227
3652,1166070.668777,10.42.0.49,5353.0,10.42.0.13,5353.0,MDNS,174,"Standard query response 0x0000 TXT MSS210-9f39._hap._tcp.local, ""QU"" question TXT",0.000241
3653,351019.506062,10.42.0.13,51349.0,10.42.0.28,80.0,TCP,54,51395  >  80 [ACK] Seq=1 Ack=1 Win=65535 Len=0,0.001095
3654,1145423.098517,10.42.0.49,52432.0,10.42.0.13,50525.0,TCP,54,52432  >  50532 [ACK] Seq=1 Ack=163 Win=5678 Len=0,0.003599
3655,375968.259334,10.42.0.49,5353.0,10.42.0.13,5353.0,MDNS,174,"Standard query response 0x0000 TXT MSS210-9f39._hap._tcp.local, ""QU"" question TXT",0.000841
3656,1166769.912271,10.42.0.49,61395.0,99.81.71.200,443.0,TLSv1.2,539,Application Data,0.069554
3657,351002.63135,10.42.0.13,51361.0,10.42.0.28,80.0,TCP,54,51385  >  80 [ACK] Seq=1 Ack=1 Win=65535 Len=0,0.00225
3658,351024.928449,10.42.0.13,51388.0,10.42.0.49,80.0,TCP,54,59434  >  80 [ACK] Seq=583 Ack=71 Win=65535 Len=0,0.000152
3659,351024.802065,10.42.0.13,51368.0,10.42.0.28,80.0,TCP,54,51341  >  80 [ACK] Seq=483 Ack=103 Win=65535 Len=0,0.000111
3660,351015.26454,10.42.0.13,51378.0,10.42.0.28,80.0,TCP,54,51385  >  80 [ACK] Seq=1 Ack=1 Win=65535 Len=0,0.00055
3661,351015.255812,10.42.0.13,51378.0,10.42.0.28,80.0,TCP,54,51381  >  80 [ACK] Seq=1 Ack=1 Win=65535 Len=0,0.00232
3662,315228.137822,10.42.0.13,60919.0,10.42.0.49,52432.0,TCP,54,60959  >  52432 [ACK] Seq=496 Ack=1781 Win=65535 Len=0,0.000436
3663,351019.904115,10.42.0.28,80.0,10.42.0.13,51353.0,TCP,54,80  >  51383 [ACK] Seq=1 Ack=483 Win=2438 Len=0,0.002674
3664,1132280.776749,10.42.0.13,50326.0,10.42.0.28,80.0,TCP,54,65052  >  80 [ACK] Seq=483 Ack=103 Win=65535 Len=0,0.000109
3665,321277.377265,10.42.0.49,61387.0,54.216.1.110,443.0,TLSv1.2,555,Application Data,0.100017
3666,1132277.621026,10.42.0.13,65060.0,10.42.0.49,52432.0,TCP,54,60601  >  52432 [ACK] Seq=414 Ack=302 Win=65535 Len=0,0.000173
3667,1171421.341875,10.42.0.49,52432.0,10.42.0.13,50881.0,HTTP,1096,Continuation,0.006796
3668,405121.53333,10.42.0.28,80.0,10.42.0.13,51496.0,TCP,54,80  >  51437 [ACK] Seq=1 Ack=483 Win=2438 Len=0,0.002576
3669,1150918.119417,10.42.0.49,52432.0,10.42.0.13,50610.0,HTTP,1096,Continuation,0.006965
3670,1167138.580573,10.42.0.49,5353.0,10.42.0.13,5353.0,MDNS,174,"Standard query response 0x0000 TXT MSS210-9f39._hap._tcp.local, ""QU"" question TXT",0.000776
3671,1178000.693026,10.42.0.13,5353.0,10.42.0.49,5353.0,MDNS,87,"Standard query 0x0000 TXT MSS210-9f39._hap._tcp.local, ""QU"" question",0.010477
3672,1163231.841972,10.42.0.13,50394.0,10.42.0.49,52432.0,TCP,54,50393  >  52432 [ACK] Seq=497 Ack=1782 Win=65535 Len=0,0.003911
3673,427969.545833,10.42.0.49,52432.0,10.42.0.13,62722.0,TCP,54,[TCP Keep-Alive ACK] 52432  >  62727 [ACK] Seq=1781 Ack=496 Win=5345 Len=0,0.000
3674,355629.811035,10.42.0.13,61828.0,10.42.0.49,52432.0,TCP,54,61838  >  52432 [ACK] Seq=496 Ack=1781 Win=65535 Len=0,0.003119
3675,1170360.55826,10.42.0.49,5353.0,224.0.0.251,5353.0,MDNS,305,"Standard query response 0x0000 PTR MSS210-9f39._hap._tcp.local SRV, cache flush 0 0 52432 Meross_Smart_Plug.local TXT, cache flush A,",
3676,259872.882436,10.42.0.13,59827.0,10.42.0.49,52432.0,TCP,54,59827  >  52432 [ACK] Seq=163 Ack=221 Win=65535 Len=0,0.001122
3677,351019.618873,10.42.0.49,52432.0,10.42.0.13,61895.0,HTTP,135,HTTP/1.1 200 OK  (application/pairing+tlv8),0.045277
3678,351024.883889,10.42.0.13,51341.0,10.42.0.28,80.0,TCP,54,51383  >  80 [ACK] Seq=483 Ack=103 Win=65535 Len=0,0.000105
3679,1152538.039925,10.42.0.28,55990.0,52.212.130.239,443.0,TLSv1.2,123,Application Data,0.001828
3680,355631.40657,10.42.0.13,51508.0,10.42.0.49,52432.0,TCP,54,59885  >  52432 [ACK] Seq=497 Ack=1782 Win=65535 Len=0,0.006435
3681,1183277.714139,10.42.0.13,50395.0,10.42.0.49,52432.0,TCP,54,50531  >  52432 [ACK] Seq=496 Ack=1781 Win=65535 Len=0,0.002233
3682,1147143.655749,10.42.0.49,52432.0,10.42.0.13,50550.0,HTTP,491,Continuation,0.004791
3683,1132277.999213,10.42.0.49,52432.0,10.42.0.13,50320.0,TCP,54,52432  >  50320 [ACK] Seq=1781 Ack=497 Win=5344 Len=0,0.001037
3684,1132277.577592,10.42.0.13,50325.0,10.42.0.49,52432.0,TCP,54,50552  >  52432 [ACK] Seq=496 Ack=1344 Win=65535 Len=0,0.000115
3685,351015.455523,10.42.0.28,80.0,10.42.0.13,51363.0,TCP,54,80  >  51305 [ACK] Seq=1 Ack=482 Win=2439 Len=0,0.003296
3686,320452.561489,10.42.0.13,50968.0,10.42.0.49,52432.0,TCP,54,59608  >  52432 [ACK] Seq=497 Ack=1782 Win=65535 Len=0,0.007792
3687,410997.598706,10.42.0.13,51757.0,10.42.0.28,80.0,TCP,54,51726  >  80 [ACK] Seq=483 Ack=103 Win=65535 Len=0,0.000106
3688,1132277.260666,10.42.0.13,50529.0,10.42.0.49,52432.0,TCP,54,50929  >  52432 [ACK] Seq=496 Ack=1781 Win=65535 Len=0,0.005524
3689,1152943.780658,10.42.0.49,52432.0,10.42.0.13,50555.0,TCP,54,52432  >  50535 [ACK] Seq=1 Ack=163 Win=5678 Len=0,0.100104
3690,1149189.640258,10.42.0.49,61395.0,99.81.71.200,443.0,TCP,54,61395  >  443 [ACK] Seq=24104 Ack=620919 Win=5702 Len=0,0.152513
3691,1174355.893796,10.42.0.49,5353.0,10.42.0.13,5353.0,MDNS,174,"Standard query response 0x0000 TXT MSS210-9f39._hap._tcp.local, ""QU"" question TXT",0.000998
3692,411001.661366,10.42.0.13,51719.0,10.42.0.28,80.0,TCP,54,51711  >  80 [ACK] Seq=1 Ack=1 Win=65535 Len=0,0.004217
3693,1171120.883698,10.42.0.13,50826.0,10.42.0.49,52432.0,TCP,54,50950  >  52432 [ACK] Seq=496 Ack=1781 Win=65535 Len=0,0.003115
3694,1144777.924186,10.42.0.49,52432.0,10.42.0.13,50856.0,HTTP,491,Continuation,0.004084
3695,255906.758527,10.42.0.49,52432.0,10.42.0.13,59827.0,HTTP,135,HTTP/1.1 200 OK  (application/pairing+tlv8),0.046867
3696,1153501.669424,10.42.0.49,5353.0,10.42.0.13,5353.0,MDNS,174,"Standard query response 0x0000 TXT MSS210-9f39._hap._tcp.local, ""QU"" question TXT",0.000258
3697,1182027.899648,10.42.0.13,50995.0,10.42.0.49,52432.0,TCP,54,50968  >  52432 [ACK] Seq=497 Ack=1782 Win=65535 Len=0,0.005967
3698,243592.589545,10.42.0.13,59868.0,10.42.0.49,52432.0,TCP,54,59828  >  52432 [ACK] Seq=496 Ack=1781 Win=65535 Len=0,0.005525
3699,351019.05239,10.42.0.13,51369.0,10.42.0.28,80.0,TCP,54,51371  >  80 [ACK] Seq=1 Ack=1 Win=65535 Len=0,0.000104
3700,1164778.81045,10.42.0.49,52432.0,10.42.0.13,58681.0,TCP,54,52432  >  58687 [ACK] Seq=1781 Ack=497 Win=5344 Len=0,0.001075
3701,1182027.459926,10.42.0.13,50995.0,10.42.0.49,52432.0,TCP,54,50999  >  52432 [ACK] Seq=163 Ack=221 Win=65535 Len=0,0.003384
3702,1148917.155293,10.42.0.49,5353.0,10.42.0.13,5353.0,MDNS,174,"Standard query response 0x0000 TXT MSS210-9f39._hap._tcp.local, ""QU"" question TXT",0.010945
3703,1177173.084712,10.42.0.49,52432.0,10.42.0.13,50856.0,TCP,54,52432  >  50508 [ACK] Seq=1 Ack=163 Win=5678 Len=0,0.102116
3704,1143464.81975,10.42.0.13,50506.0,10.42.0.49,52432.0,TCP,54,50555  >  52432 [ACK] Seq=497 Ack=1782 Win=65535 Len=0,0.003555
3705,1136178.715613,10.42.0.49,52432.0,10.42.0.13,50333.0,TCP,54,52432  >  50361 [ACK] Seq=1 Ack=163 Win=5678 Len=0,0.002515
3706,1174941.49354,10.42.0.49,52432.0,10.42.0.13,50536.0,HTTP,491,Continuation,0.004744
3707,1150910.057118,10.42.0.13,50555.0,10.42.0.49,52432.0,TCP,54,50551  >  52432 [ACK] Seq=163 Ack=221 Win=65535 Len=0,0.003125
3708,238295.516682,10.42.0.28,58273.0,52.212.130.239,443.0,TLSv1.2,123,Application Data,0.001361
3709,1158384.635284,10.42.0.13,50515.0,10.42.0.49,52432.0,TCP,54,50551  >  52432 [ACK] Seq=496 Ack=1344 Win=65535 Len=0,0.005025
3710,1146730.222762,10.42.0.13,50528.0,10.42.0.49,52432.0,TCP,54,50920  >  52432 [ACK] Seq=497 Ack=1782 Win=65535 Len=0,0.002257
3711,1184120.41145,10.42.0.49,52432.0,10.42.0.13,50534.0,TCP,54,52432  >  50514 [ACK] Seq=1 Ack=163 Win=5678 Len=0,0.004339
3712,1132276.347057,10.42.0.49,61395.0,99.81.71.200,443.0,TLSv1.2,539,Application Data,0.109758
3713,373203.179043,10.42.0.49,61388.0,54.216.1.110,443.0,TLSv1.2,555,Application Data,0.107899
3714,351019.30653,10.42.0.28,80.0,10.42.0.13,51349.0,TCP,54,80  >  51383 [ACK] Seq=1 Ack=582 Win=2439 Len=0,0.002525
3715,315228.110514,10.42.0.49,52432.0,10.42.0.13,60978.0,TCP,54,52432  >  60836 [ACK] Seq=1781 Ack=497 Win=5344 Len=0,0.002748
3716,351019.193131,10.42.0.13,51361.0,10.42.0.28,80.0,TCP,54,51393  >  80 [ACK] Seq=1 Ack=1 Win=65535 Len=0,0.003805
3717,1166810.99049,10.42.0.49,52432.0,10.42.0.13,50751.0,TCP,54,52432  >  50610 [ACK] Seq=1 Ack=163 Win=5678 Len=0,0.002275
3718,351019.046061,10.42.0.49,52432.0,10.42.0.13,61726.0,TCP,54,52432  >  61948 [ACK] Seq=1 Ack=163 Win=5678 Len=0,0.201025
3719,1132277.381812,10.42.0.49,52432.0,10.42.0.13,50326.0,TCP,54,52432  >  50321 [ACK] Seq=1 Ack=163 Win=5678 Len=0,0.111596
3720,1163255.615314,10.42.0.49,61395.0,99.81.71.200,443.0,TCP,54,61395  >  443 [ACK] Seq=103127 Ack=15737 Win=4584 Len=0,0.072845
3721,1164730.811566,10.42.0.49,61395.0,99.81.71.200,443.0,TCP,54,61395  >  443 [ACK] Seq=15772 Ack=150759 Win=5770 Len=0,0.023943
3722,242946.526569,10.42.0.13,59868.0,10.42.0.49,52432.0,TCP,54,59681  >  52432 [ACK] Seq=414 Ack=302 Win=65535 Len=0,0.000426
3723,1147854.571513,10.42.0.49,52432.0,10.42.0.13,50555.0,HTTP,274,HTTP/1.1 200 OK  (application/pairing+tlv8),0.271158
3724,1132277.771221,10.42.0.49,61395.0,99.81.71.200,443.0,TLSv1.2,555,Application Data,0.100118
3725,315228.352014,10.42.0.28,80.0,10.42.0.13,59497.0,TCP,54,80  >  59438 [ACK] Seq=1 Ack=482 Win=2438 Len=0,0.002118
3726,1155383.666895,10.42.0.49,61395.0,99.81.71.200,443.0,TLSv1.2,123,Application Data,2.798912
3727,1155825.752131,10.42.0.49,61395.0,99.81.71.200,443.0,TCP,54,61395  >  443 [ACK] Seq=10788 Ack=299119 Win=5849 Len=0,0.197189
3728,1183830.718953,10.42.0.49,61395.0,99.81.71.200,443.0,TLSv1.2,539,Application Data,0.102261
3729,1151421.075212,10.42.0.49,5353.0,10.42.0.13,5353.0,MDNS,174,"Standard query response 0x0000 TXT MSS210-9f39._hap._tcp.local, ""QU"" question TXT",0.000353
3730,1156188.020298,10.42.0.49,52432.0,10.42.0.13,50496.0,TCP,54,52432  >  50968 [ACK] Seq=1 Ack=163 Win=5678 Len=0,0.104996
3731,1132277.557471,10.42.0.13,65056.0,10.42.0.49,52432.0,TCP,54,50560  >  52432 [ACK] Seq=414 Ack=302 Win=65535 Len=0,0.000265
3732,351019.631661,10.42.0.13,51769.0,10.42.0.28,80.0,TCP,54,51395  >  80 [ACK] Seq=1 Ack=1 Win=65535 Len=0,0.000105
3733,351019.80553,10.42.0.28,80.0,10.42.0.13,51341.0,TCP,54,80  >  51364 [ACK] Seq=1 Ack=514 Win=2406 Len=0,0.000105
3734,1142279.50645,10.42.0.49,61395.0,99.81.71.200,443.0,TCP,54,61395  >  443 [ACK] Seq=112467 Ack=13819 Win=5840 Len=0,0.009633
3735,1132277.582763,10.42.0.49,61395.0,99.81.71.200,443.0,TLSv1.2,539,Application Data,0.106716
3736,246304.440549,10.42.0.49,52432.0,10.42.0.13,59483.0,TCP,54,52432  >  59484 [ACK] Seq=1781 Ack=497 Win=5344 Len=0,0.000259
3737,1177219.509435,10.42.0.49,52432.0,10.42.0.13,50881.0,HTTP,135,HTTP/1.1 200 OK  (application/pairing+tlv8),0.043155
3738,262598.954432,10.42.0.13,59816.0,10.42.0.49,52432.0,TCP,54,59829  >  52432 [ACK] Seq=496 Ack=1781 Win=65535 Len=0,0.001087
3739,1162174.612826,10.42.0.49,52432.0,10.42.0.13,50622.0,TCP,54,52432  >  50612 [ACK] Seq=1 Ack=163 Win=5678 Len=0,0.201561
3740,351001.565065,10.42.0.13,51347.0,10.42.0.28,80.0,TCP,54,51351  >  80 [ACK] Seq=515 Ack=104 Win=65535 Len=0,0.000105
3741,264553.099032,10.42.0.28,58273.0,52.212.130.239,443.0,TLSv1.2,123,Application Data,0.006783
3742,1132277.123676,10.42.0.49,61395.0,99.81.71.200,443.0,TLSv1.2,539,Application Data,0.136074
3743,356584.450778,10.42.0.13,61849.0,10.42.0.49,52432.0,TCP,54,61838  >  52432 [ACK] Seq=496 Ack=1344 Win=65535 Len=0,0.000311
3744,353509.659192,10.42.0.13,51387.0,10.42.0.28,80.0,TCP,54,51387  >  80 [ACK] Seq=482 Ack=103 Win=65535 Len=0,0.000106
3745,1149373.574025,10.42.0.49,5353.0,10.42.0.13,5353.0,MDNS,270,"Standard query response 0x0000 PTR _hap._tcp.local, ""QU"" question PTR MSS210-9f39._hap._tcp.local SRV 0 0 52432 Meross_Smart_Pl",
3746,1142493.597893,10.42.0.49,5353.0,10.42.0.13,5353.0,MDNS,174,"Standard query response 0x0000 TXT MSS210-9f39._hap._tcp.local, ""QU"" question TXT",0.000843
3747,1149544.715466,10.42.0.49,52432.0,10.42.0.13,50535.0,TCP,54,[TCP Keep-Alive ACK] 52432  >  50594 [ACK] Seq=1781 Ack=496 Win=5345 Len=0,0.00
3748,1132280.964299,10.42.0.13,50395.0,10.42.0.49,52432.0,TCP,54,50959  >  52432 [ACK] Seq=163 Ack=221 Win=65535 Len=0,0.002934
3749,1163255.509725,10.42.0.49,61395.0,99.81.71.200,443.0,TLSv1.2,123,Application Data,0.055953
3750,1156919.02127,10.42.0.13,50556.0,10.42.0.49,52432.0,TCP,54,50591  >  52432 [ACK] Seq=163 Ack=221 Win=65535 Len=0,0.000151
3751,423003.640013,10.42.0.13,62727.0,10.42.0.49,52432.0,TCP,54,62002  >  52432 [ACK] Seq=163 Ack=221 Win=65535 Len=0,0.000259
3752,1132276.266738,10.42.0.49,52432.0,10.42.0.13,50333.0,TCP,54,52432  >  50322 [ACK] Seq=1 Ack=163 Win=5678 Len=0,0.003625
3753,1166918.052331,10.42.0.49,52432.0,10.42.0.13,50703.0,HTTP,1096,Continuation,0.006337
3754,351019.905318,10.42.0.28,80.0,10.42.0.13,51361.0,TCP,58,"80  >  51362 [SYN, ACK] Seq=0 Ack=1 Win=2920 Len=0 MSS=1460",0.000107
3755,1145917.914066,10.42.0.49,52432.0,10.42.0.13,50522.0,HTTP,135,HTTP/1.1 200 OK  (application/pairing+tlv8),0.046033
3756,1174560.586363,10.42.0.49,5353.0,10.42.0.13,5353.0,MDNS,174,"Standard query response 0x0000 TXT MSS210-9f39._hap._tcp.local, ""QU"" question TXT",0.000753
3757,417617.629315,10.42.0.49,52432.0,10.42.0.13,62504.0,TCP,54,52432  >  62584 [ACK] Seq=1 Ack=163 Win=5678 Len=0,0.000114
3758,410997.07997,10.42.0.49,5353.0,10.42.0.13,5353.0,MDNS,174,"Standard query response 0x0000 TXT MSS210-9f39._hap._tcp.local, ""QU"" question TXT",0.000252
3759,1171135.594041,10.42.0.49,52432.0,10.42.0.13,50494.0,HTTP,491,Continuation,0.004167
3760,1170323.679732,10.42.0.49,61395.0,99.81.71.200,443.0,TLSv1.2,555,Application Data,0.105353
3761,1132277.208995,10.42.0.13,50326.0,10.42.0.28,80.0,TCP,54,65052  >  80 [ACK] Seq=483 Ack=103 Win=65535 Len=0,0.000105
3762,1154060.679863,10.42.0.49,52432.0,10.42.0.13,50594.0,TCP,54,52432  >  50532 [ACK] Seq=1 Ack=163 Win=5678 Len=0,0.132594
3763,1132280.954465,10.42.0.13,50394.0,10.42.0.49,52432.0,TCP,54,50404  >  52432 [ACK] Seq=163 Ack=221 Win=65535 Len=0,0.000141
3764,1182027.213455,10.42.0.13,59147.0,10.42.0.49,52432.0,TCP,54,50491  >  52432 [ACK] Seq=496 Ack=1781 Win=65535 Len=0,0.003275
3765,354100.56335,10.42.0.13,51353.0,10.42.0.28,80.0,TCP,54,"51383  >  80 [FIN, ACK] Seq=483 Ack=199 Win=65535 Len=0",0.000103
3766,351019.651674,10.42.0.13,51387.0,10.42.0.28,80.0,TCP,54,51387  >  80 [ACK] Seq=483 Ack=103 Win=65535 Len=0,0.000105
3767,419938.732032,10.42.0.49,52432.0,10.42.0.13,62489.0,HTTP,135,HTTP/1.1 200 OK  (application/pairing+tlv8),0.046286
3768,1157828.846879,10.42.0.49,5353.0,10.42.0.13,5353.0,MDNS,174,"Standard query response 0x0000 TXT MSS210-9f39._hap._tcp.local, ""QU"" question TXT",0.001087
3769,1132277.480525,10.42.0.49,61395.0,99.81.71.200,443.0,TLSv1.2,123,Application Data,0.023692
3770,1165691.029952,10.42.0.49,52432.0,10.42.0.13,50505.0,TCP,54,52432  >  50505 [ACK] Seq=1781 Ack=497 Win=5344 Len=0,0.001108
3771,1152705.884782,10.42.0.49,52432.0,10.42.0.13,50575.0,TCP,54,52432  >  50532 [ACK] Seq=1 Ack=163 Win=5678 Len=0,0.004899
3772,351019.674114,10.42.0.13,51385.0,10.42.0.28,80.0,TCP,54,51394  >  80 [ACK] Seq=1 Ack=1 Win=65535 Len=0,0.000106
3773,1174142.513179,10.42.0.49,52432.0,10.42.0.13,50556.0,HTTP,491,Continuation,0.004752
3774,360148.043675,10.42.0.13,61836.0,10.42.0.49,52432.0,TCP,54,61878  >  52432 [ACK] Seq=496 Ack=1781 Win=65535 Len=0,0.003157
3775,324133.387347,10.42.0.28,80.0,10.42.0.13,50374.0,TCP,54,80  >  50394 [ACK] Seq=1 Ack=483 Win=2438 Len=0,0.000237
3776,351019.617179,10.42.0.13,51363.0,10.42.0.28,80.0,TCP,54,51371  >  80 [ACK] Seq=483 Ack=103 Win=65535 Len=0,0.000109
3777,351019.302563,10.42.0.28,80.0,10.42.0.13,51387.0,TCP,58,"80  >  51383 [SYN, ACK] Seq=0 Ack=1 Win=2920 Len=0 MSS=1460",0.001111
3778,1163031.699464,10.42.0.13,50636.0,10.42.0.49,52432.0,TCP,54,50630  >  52432 [ACK] Seq=497 Ack=1782 Win=65535 Len=0,0.000112
3779,1156073.419416,10.42.0.49,5353.0,10.42.0.13,5353.0,MDNS,174,"Standard query response 0x0000 TXT MSS210-9f39._hap._tcp.local, ""QU"" question TXT",0.010862
3780,1150932.112322,10.42.0.49,52432.0,10.42.0.13,50328.0,TCP,54,52432  >  50321 [ACK] Seq=1 Ack=163 Win=5678 Len=0,0.002551
3781,351015.61231,10.42.0.28,80.0,10.42.0.13,51368.0,TCP,58,"80  >  51366 [SYN, ACK] Seq=0 Ack=1 Win=2920 Len=0 MSS=1460",0.000114
3782,321277.708774,10.42.0.13,5353.0,10.42.0.49,5353.0,MDNS,87,"Standard query 0x0000 TXT MSS210-9f39._hap._tcp.local, ""QU"" question",0.000278
3783,351024.390033,10.42.0.28,80.0,10.42.0.13,51353.0,TCP,54,80  >  51383 [ACK] Seq=1 Ack=483 Win=2438 Len=0,0.000245
3784,259873.579757,10.42.0.13,59817.0,10.42.0.49,52432.0,TCP,54,59812  >  52432 [ACK] Seq=496 Ack=1781 Win=65535 Len=0,0.007334
3785,1162457.962928,10.42.0.49,5353.0,10.42.0.13,5353.0,MDNS,174,"Standard query response 0x0000 TXT MSS210-9f39._hap._tcp.local, ""QU"" question TXT",0.010232
3786,315228.452103,10.42.0.13,59432.0,10.42.0.28,80.0,TCP,54,59432  >  80 [ACK] Seq=483 Ack=103 Win=65535 Len=0,0.000105
3787,320015.476755,10.42.0.49,52432.0,10.42.0.13,60969.0,TCP,54,52432  >  60969 [ACK] Seq=1 Ack=163 Win=5678 Len=0,0.138919
3788,1156197.411896,10.42.0.13,50608.0,10.42.0.49,52432.0,TCP,54,50618  >  52432 [ACK] Seq=496 Ack=1781 Win=65535 Len=0,0.001315
3789,1132277.314789,10.42.0.13,50326.0,10.42.0.49,52432.0,TCP,54,50326  >  52432 [ACK] Seq=496 Ack=1781 Win=65535 Len=0,0.000189
3790,1141873.930075,10.42.0.49,52432.0,10.42.0.13,50422.0,HTTP,274,HTTP/1.1 200 OK  (application/pairing+tlv8),0.287476
3791,1132277.876414,10.42.0.13,50393.0,10.42.0.49,52432.0,TCP,54,50320  >  52432 [ACK] Seq=496 Ack=1344 Win=65535 Len=0,0.003273
3792,1174541.459378,10.42.0.13,50525.0,10.42.0.49,52432.0,TCP,54,50551  >  52432 [ACK] Seq=496 Ack=1781 Win=65535 Len=0,0.000165
3793,1162177.969546,10.42.0.49,61395.0,99.81.71.200,443.0,TLSv1.2,539,Application Data,0.108304
3794,1182034.112887,10.42.0.49,52432.0,10.42.0.13,50494.0,TCP,54,52432  >  50494 [ACK] Seq=1 Ack=163 Win=5678 Len=0,0.127276
3795,351002.419615,10.42.0.28,80.0,10.42.0.13,51351.0,TCP,54,80  >  51383 [ACK] Seq=1 Ack=482 Win=2439 Len=0,0.002373
3796,1132280.88729,10.42.0.13,5353.0,10.42.0.49,5353.0,MDNS,87,"Standard query 0x0000 TXT MSS210-9f39._hap._tcp.local, ""QU"" question",0.001318
3797,1163967.098253,10.42.0.49,61395.0,99.81.71.200,443.0,TLSv1.2,123,Application Data,18.235335
3798,1132277.560972,10.42.0.49,61395.0,99.81.71.200,443.0,TCP,54,61395  >  443 [ACK] Seq=32578 Ack=1987 Win=5845 Len=0,0.004855
3799,1141817.123232,10.42.0.49,52432.0,10.42.0.13,50326.0,HTTP,274,HTTP/1.1 200 OK  (application/pairing+tlv8),0.310586
3800,351019.08263,10.42.0.28,80.0,10.42.0.13,51368.0,TCP,54,80  >  51371 [ACK] Seq=1 Ack=483 Win=2438 Len=0,0.001011
3801,1177245.758935,10.42.0.49,61395.0,99.81.71.200,443.0,TLSv1.2,539,Application Data,0.10259
3802,1174874.960749,10.42.0.49,52432.0,10.42.0.13,50831.0,TCP,54,52432  >  50854 [ACK] Seq=1781 Ack=497 Win=5344 Len=0,0.002086
3803,1132277.779785,10.42.0.13,50850.0,10.42.0.49,52432.0,TCP,54,50857  >  52432 [ACK] Seq=414 Ack=302 Win=65535 Len=0,0.000119
3804,1132277.46143,10.42.0.49,52432.0,10.42.0.13,50325.0,TCP,54,52432  >  50326 [ACK] Seq=1 Ack=163 Win=5678 Len=0,0.10405
3805,255906.411155,10.42.0.49,52432.0,10.42.0.13,59827.0,HTTP,1096,Continuation,0.006735
3806,324132.37172,10.42.0.28,80.0,10.42.0.13,50373.0,TCP,54,80  >  50383 [ACK] Seq=1 Ack=483 Win=2438 Len=0,0.003752
3807,1166977.910031,10.42.0.49,61395.0,99.81.71.200,443.0,TLSv1.2,539,Application Data,0.100141
3808,1158274.13293,10.42.0.49,52432.0,10.42.0.13,50553.0,HTTP,274,HTTP/1.1 200 OK  (application/pairing+tlv8),0.357855
3809,1146723.154952,10.42.0.49,5353.0,10.42.0.13,5353.0,MDNS,174,"Standard query response 0x0000 TXT MSS210-9f39._hap._tcp.local, ""QU"" question TXT",0.000117
3810,351019.906351,10.42.0.28,80.0,10.42.0.13,51369.0,TCP,58,"80  >  51362 [SYN, ACK] Seq=0 Ack=1 Win=2920 Len=0 MSS=1460",0.001024
3811,1182034.889589,10.42.0.49,52432.0,10.42.0.13,50994.0,TCP,54,52432  >  50949 [ACK] Seq=1 Ack=163 Win=5678 Len=0,0.102316
3812,353509.451673,10.42.0.49,52432.0,10.42.0.13,61830.0,TCP,54,52432  >  61870 [ACK] Seq=1781 Ack=497 Win=5344 Len=0,0.000139
3813,1149566.165617,10.42.0.49,52432.0,10.42.0.13,50508.0,TCP,54,52432  >  50520 [ACK] Seq=1 Ack=163 Win=5678 Len=0,0.102697
3814,1174554.81449,10.42.0.13,50526.0,10.42.0.49,52432.0,TCP,54,50524  >  52432 [ACK] Seq=496 Ack=1344 Win=65535 Len=0,0.003555
3815,377596.863333,10.42.0.49,52432.0,10.42.0.13,61993.0,HTTP,1096,Continuation,0.006532
3816,356633.435379,10.42.0.13,61888.0,10.42.0.49,52432.0,TCP,54,61888  >  52432 [ACK] Seq=497 Ack=1782 Win=65535 Len=0,0.000857
3817,360143.610917,10.42.0.49,5353.0,10.42.0.13,5353.0,MDNS,174,"Standard query response 0x0000 TXT MSS210-9f39._hap._tcp.local, ""QU"" question TXT",0.010252
3818,1158388.778693,10.42.0.49,61395.0,99.81.71.200,443.0,TCP,54,61395  >  443 [ACK] Seq=25356 Ack=330319 Win=5840 Len=0,0.108459
3819,1170355.69026,10.42.0.49,52432.0,10.42.0.13,58255.0,TCP,54,[TCP Keep-Alive ACK] 52432  >  50597 [ACK] Seq=1781 Ack=496 Win=5345 Len=0,0.000
3820,1162312.777925,10.42.0.49,61395.0,99.81.71.200,443.0,TLSv1.2,539,Application Data,0.000868
3821,324132.026511,10.42.0.13,50341.0,10.42.0.28,80.0,TCP,54,50350  >  80 [ACK] Seq=483 Ack=103 Win=65535 Len=0,0.000105
3822,1170923.11957,10.42.0.49,52432.0,10.42.0.13,50755.0,TCP,54,52432  >  50532 [ACK] Seq=1 Ack=163 Win=5678 Len=0,0.002789
3823,324132.36711,10.42.0.13,5353.0,10.42.0.49,5353.0,MDNS,87,"Standard query 0x0000 TXT MSS210-9f39._hap._tcp.local, ""QU"" question",0.000112
3824,375919.12876,10.42.0.49,5353.0,10.42.0.13,5353.0,MDNS,174,"Standard query response 0x0000 TXT MSS210-9f39._hap._tcp.local, ""QU"" question TXT",0.001127
3825,1131388.635134,10.42.0.49,61395.0,99.81.71.200,443.0,TCP,54,61395  >  443 [ACK] Seq=15077 Ack=110730 Win=5249 Len=0,0.277433
3826,1174787.408072,10.42.0.13,50814.0,10.42.0.49,52432.0,TCP,54,50850  >  52432 [ACK] Seq=414 Ack=302 Win=65535 Len=0,0.000152
3827,351024.809896,10.42.0.13,51346.0,10.42.0.28,80.0,TCP,54,51341  >  80 [ACK] Seq=483 Ack=103 Win=65535 Len=0,0.000118
3828,351019.641491,10.42.0.13,51353.0,10.42.0.28,80.0,TCP,54,51395  >  80 [ACK] Seq=514 Ack=103 Win=65535 Len=0,0.000105
3829,315228.414516,10.42.0.49,52432.0,10.42.0.13,60954.0,TCP,54,52432  >  60949 [ACK] Seq=1781 Ack=497 Win=5344 Len=0,0.001365
3830,1132277.707747,10.42.0.13,65050.0,10.42.0.49,52432.0,TCP,54,50705  >  52432 [ACK] Seq=496 Ack=1344 Win=65535 Len=0,0.000152
3831,1166069.01153,10.42.0.49,5353.0,224.0.0.251,5353.0,MDNS,305,"Standard query response 0x0000 PTR MSS210-9f39._hap._tcp.local SRV, cache flush 0 0 52432 Meross_Smart_Plug.local TXT, cache flush A,",
3832,1166723.70029,10.42.0.49,61395.0,99.81.71.200,443.0,TLSv1.2,539,Application Data,0.135955
3833,1181962.674085,10.42.0.49,5353.0,10.42.0.13,5353.0,MDNS,174,"Standard query response 0x0000 TXT MSS210-9f39._hap._tcp.local, ""QU"" question TXT",0.000753
3834,1131125.587573,10.42.0.49,52432.0,10.42.0.13,50575.0,TCP,54,52432  >  50532 [ACK] Seq=1 Ack=163 Win=5678 Len=0,0.003259
3835,351008.32405,10.42.0.28,80.0,10.42.0.13,51378.0,TCP,58,"80  >  51383 [SYN, ACK] Seq=0 Ack=1 Win=2920 Len=0 MSS=1460",0.001273
3836,351019.704685,10.42.0.28,80.0,10.42.0.13,51364.0,TCP,54,80  >  51383 [ACK] Seq=1 Ack=483 Win=2438 Len=0,0.000226
3837,1174731.757858,10.42.0.49,52432.0,10.42.0.13,50885.0,TCP,54,52432  >  50872 [ACK] Seq=1781 Ack=497 Win=5344 Len=0,0.000818
3838,238903.441379,10.42.0.13,51156.0,10.42.0.28,80.0,TCP,54,51171  >  80 [ACK] Seq=483 Ack=103 Win=65535 Len=0,0.000105
3839,373711.185851,10.42.0.49,52432.0,10.42.0.13,61995.0,HTTP,274,HTTP/1.1 200 OK  (application/pairing+tlv8),0.044676
3840,1137138.678261,10.42.0.49,52432.0,10.42.0.13,50703.0,HTTP,135,HTTP/1.1 200 OK  (application/pairing+tlv8),0.041431
3841,1132280.885834,10.42.0.13,50393.0,10.42.0.49,52432.0,TCP,54,50391  >  52432 [ACK] Seq=496 Ack=1781 Win=65535 Len=0,0.003647
3842,1137142.70085,10.42.0.49,52432.0,10.42.0.13,50703.0,TCP,54,52432  >  50502 [ACK] Seq=1 Ack=163 Win=5678 Len=0,0.002103
3843,3742.06243,10.42.0.49,80.0,10.42.0.140,60287.0,TCP,54,80  >  60028 [ACK] Seq=1 Ack=583 Win=5259 Len=0,0.000105
3844,1149427.406939,10.42.0.13,50526.0,10.42.0.49,52432.0,TCP,54,50524  >  52432 [ACK] Seq=496 Ack=1781 Win=65535 Len=0,0.003116
3845,1132277.40461,10.42.0.13,50326.0,10.42.0.49,52432.0,TCP,54,50326  >  52432 [ACK] Seq=496 Ack=1781 Win=65535 Len=0,0.003646
3846,351024.994161,10.42.0.28,80.0,10.42.0.13,51363.0,TCP,54,80  >  51394 [ACK] Seq=1 Ack=514 Win=2406 Len=0,0.000105
3847,1156067.042746,10.42.0.49,61395.0,99.81.71.200,443.0,TLSv1.2,555,Application Data,0.102217
3848,1183620.571388,10.42.0.49,52432.0,10.42.0.13,50630.0,TCP,54,52432  >  50370 [ACK] Seq=1 Ack=163 Win=5678 Len=0,0.003107
3849,1143423.064185,10.42.0.49,52432.0,10.42.0.13,50505.0,TCP,54,52432  >  50505 [ACK] Seq=1 Ack=163 Win=5678 Len=0,0.001014
3850,321985.390324,10.42.0.13,50156.0,10.42.0.28,80.0,TCP,54,50150  >  80 [ACK] Seq=1 Ack=1 Win=65535 Len=0,0.004519
3851,1132277.606542,10.42.0.49,52432.0,10.42.0.13,50533.0,TCP,54,52432  >  50533 [ACK] Seq=1781 Ack=497 Win=5344 Len=0,0.002576
3852,416844.014754,10.42.0.49,5353.0,10.42.0.13,5353.0,MDNS,174,"Standard query response 0x0000 TXT MSS210-9f39._hap._tcp.local, ""QU"" question TXT",0.003922
3853,1174778.788245,10.42.0.13,5353.0,10.42.0.49,5353.0,MDNS,87,"Standard query 0x0000 TXT MSS210-9f39._hap._tcp.local, ""QU"" question",0.001025
3854,1174894.563541,10.42.0.49,5353.0,10.42.0.13,5353.0,MDNS,174,"Standard query response 0x0000 TXT MSS210-9f39._hap._tcp.local, ""QU"" question TXT",0.000552
3855,405150.227529,10.42.0.13,51492.0,10.42.0.28,80.0,TCP,54,51526  >  80 [ACK] Seq=482 Ack=102 Win=65535 Len=0,0.000105
3856,1174054.123291,10.42.0.49,52432.0,10.42.0.13,50491.0,HTTP,491,Continuation,0.001342
3857,1132277.272231,10.42.0.49,61395.0,99.81.71.200,443.0,TLSv1.2,123,Application Data,1.250772
3858,1132277.352386,10.42.0.49,61395.0,99.81.71.200,443.0,TCP,54,61395  >  443 [ACK] Seq=32027 Ack=31226 Win=5840 Len=0,0.021645
3859,1143783.43122,10.42.0.49,5353.0,10.42.0.13,5353.0,MDNS,174,"Standard query response 0x0000 TXT MSS210-9f39._hap._tcp.local, ""QU"" question TXT",0.000877
3860,1164568.41069,10.42.0.49,5353.0,224.0.0.251,5353.0,MDNS,291,"Standard query response 0x0000 TXT, cache flush SRV, cache flush 0 0 52432 Meross_Smart_Plug.local A, cache flush 10.42.0.49 AAAA",
3861,1170568.678575,10.42.0.49,5353.0,10.42.0.13,5353.0,MDNS,174,"Standard query response 0x0000 TXT MSS210-9f39._hap._tcp.local, ""QU"" question TXT",0.008595
3862,1158388.823977,10.42.0.49,52432.0,10.42.0.13,50597.0,TCP,54,52432  >  50986 [ACK] Seq=1781 Ack=497 Win=5344 Len=0,0.000199
3863,1142094.682797,10.42.0.49,52432.0,10.42.0.13,50505.0,HTTP,1096,Continuation,0.006767
3864,356722.725866,10.42.0.49,5353.0,10.42.0.13,5353.0,MDNS,174,"Standard query response 0x0000 TXT MSS210-9f39._hap._tcp.local, ""QU"" question TXT",0.000243
3865,1132277.370315,10.42.0.49,61395.0,99.81.71.200,443.0,TCP,54,61395  >  443 [ACK] Seq=20308 Ack=384331 Win=4584 Len=0,0.272964
3866,1155558.168598,10.42.0.13,50570.0,10.42.0.49,52432.0,TCP,54,50555  >  52432 [ACK] Seq=496 Ack=1781 Win=65535 Len=0,0.005046
3867,1134778.413333,10.42.0.49,5353.0,10.42.0.13,5353.0,MDNS,174,"Standard query response 0x0000 TXT MSS210-9f39._hap._tcp.local, ""QU"" question TXT",0.001277
3868,1165693.03377,10.42.0.49,61395.0,99.81.71.200,443.0,TLSv1.2,123,Application Data,0.119729
3869,1141873.534075,10.42.0.49,61395.0,99.81.71.200,443.0,TLSv1.2,539,Application Data,0.042255
3870,1132277.152646,10.42.0.13,50326.0,10.42.0.28,80.0,TCP,54,65052  >  80 [ACK] Seq=483 Ack=103 Win=65535 Len=0,0.002332
3871,1178006.68625,10.42.0.49,5353.0,10.42.0.13,5353.0,MDNS,174,"Standard query response 0x0000 TXT MSS210-9f39._hap._tcp.local, ""QU"" question TXT",0.007546
3872,351015.390631,10.42.0.28,80.0,10.42.0.13,51341.0,TCP,54,80  >  51383 [ACK] Seq=1 Ack=515 Win=2406 Len=0,0.000221
3873,1147178.704661,10.42.0.13,50814.0,10.42.0.49,52432.0,TCP,54,50851  >  52432 [ACK] Seq=496 Ack=1344 Win=65535 Len=0,0.004741
3874,1144236.406163,10.42.0.49,5353.0,10.42.0.13,5353.0,MDNS,174,"Standard query response 0x0000 TXT MSS210-9f39._hap._tcp.local, ""QU"" question TXT",0.001298
3875,351019.321061,10.42.0.28,80.0,10.42.0.13,51365.0,TCP,58,"80  >  51351 [SYN, ACK] Seq=0 Ack=1 Win=2920 Len=0 MSS=1460",0.001358
3876,1134932.470492,10.42.0.49,52432.0,10.42.0.13,50346.0,TCP,54,52432  >  50494 [ACK] Seq=1781 Ack=497 Win=5344 Len=0,0.002312
3877,1178003.719465,10.42.0.49,52432.0,10.42.0.13,50810.0,TCP,54,52432  >  50832 [ACK] Seq=1781 Ack=497 Win=5344 Len=0,0.004627
3878,351019.065183,10.42.0.13,51363.0,10.42.0.28,80.0,TCP,54,51392  >  80 [ACK] Seq=1 Ack=1 Win=65535 Len=0,0.000109
3879,3741.04157,10.42.0.28,80.0,10.42.0.140,59887.0,TCP,54,80  >  59851 [ACK] Seq=1 Ack=483 Win=2438 Len=0,0.002593
3880,1183260.830698,10.42.0.13,50910.0,10.42.0.49,52432.0,TCP,54,51030  >  52432 [ACK] Seq=496 Ack=1781 Win=65535 Len=0,0.000459
3881,422072.326035,10.42.0.13,62734.0,10.42.0.49,52432.0,TCP,54,62720  >  52432 [ACK] Seq=496 Ack=1781 Win=65535 Len=0,0.001484
3882,1132277.987034,10.42.0.49,61395.0,99.81.71.200,443.0,TLSv1.2,539,Application Data,0.125025
3883,1171425.441297,10.42.0.49,52432.0,10.42.0.13,50491.0,TCP,54,[TCP Keep-Alive ACK] 52432  >  50397 [ACK] Seq=1781 Ack=496 Win=5345 Len=0,0.00
3884,422073.089951,10.42.0.13,64441.0,10.42.0.49,52432.0,TCP,54,62481  >  52432 [ACK] Seq=1 Ack=1 Win=65535 Len=0,0.003519
3885,1149736.508049,10.42.0.49,61395.0,99.81.71.200,443.0,TLSv1.2,123,Application Data,1.100554
3886,1176460.988986,10.42.0.49,5353.0,10.42.0.13,5353.0,MDNS,174,"Standard query response 0x0000 TXT MSS210-9f39._hap._tcp.local, ""QU"" question TXT",0.002565
3887,351008.390066,10.42.0.13,51348.0,10.42.0.28,80.0,TCP,54,51387  >  80 [ACK] Seq=482 Ack=103 Win=65535 Len=0,0.000105
3888,1143494.420451,10.42.0.49,52432.0,10.42.0.13,50492.0,HTTP,135,HTTP/1.1 200 OK  (application/pairing+tlv8),0.042487
3889,1138203.681921,10.42.0.49,5353.0,10.42.0.13,5353.0,MDNS,174,"Standard query response 0x0000 TXT MSS210-9f39._hap._tcp.local, ""QU"" question TXT",0.010263
3890,355633.055942,10.42.0.13,51478.0,10.42.0.49,80.0,TCP,54,51387  >  80 [ACK] Seq=483 Ack=103 Win=65535 Len=0,0.000114
3891,1170573.758358,10.42.0.49,5353.0,10.42.0.13,5353.0,MDNS,270,"Standard query response 0x0000 PTR _hap._tcp.local, ""QU"" question PTR MSS210-9f39._hap._tcp.local SRV 0 0 52432 Meross_Smart_Pl",
3892,1178200.974791,10.42.0.49,5353.0,10.42.0.13,5353.0,MDNS,174,"Standard query response 0x0000 TXT MSS210-9f39._hap._tcp.local, ""QU"" question TXT",0.009243
3893,1145971.641355,10.42.0.49,52432.0,10.42.0.13,50505.0,TCP,54,[TCP Keep-Alive ACK] 52432  >  50576 [ACK] Seq=1781 Ack=496 Win=5345 Len=0,0.00
3894,1132277.581412,10.42.0.13,50323.0,10.42.0.49,52432.0,TCP,54,50328  >  52432 [ACK] Seq=496 Ack=1344 Win=65535 Len=0,0.002343
3895,351019.90303,10.42.0.28,80.0,10.42.0.13,51387.0,TCP,54,80  >  51383 [ACK] Seq=1 Ack=483 Win=2438 Len=0,0.002583
3896,416459.500548,10.42.0.49,52432.0,10.42.0.13,62481.0,TCP,54,52432  >  62481 [ACK] Seq=1 Ack=163 Win=5678 Len=0,0.112829
3897,246304.457657,10.42.0.13,59686.0,10.42.0.49,52432.0,TCP,54,59697  >  52432 [ACK] Seq=496 Ack=1344 Win=65535 Len=0,0.003323
3898,1170923.490612,10.42.0.13,50750.0,10.42.0.49,52432.0,TCP,54,50559  >  52432 [ACK] Seq=414 Ack=302 Win=65535 Len=0,0.000393
3899,1150910.900478,10.42.0.13,50552.0,10.42.0.49,52432.0,TCP,54,50555  >  52432 [ACK] Seq=496 Ack=1344 Win=65535 Len=0,0.003524
3900,1132277.606237,10.42.0.49,61395.0,99.81.71.200,443.0,TLSv1.2,123,Application Data,13.75712
3901,1177051.650092,10.42.0.13,50752.0,10.42.0.49,52432.0,TCP,54,50755  >  52432 [ACK] Seq=163 Ack=221 Win=65535 Len=0,0.001353
3902,355633.571926,10.42.0.49,52432.0,10.42.0.13,61878.0,HTTP,1096,Continuation,0.007368
3903,1132277.152713,10.42.0.49,61395.0,99.81.71.200,443.0,TCP,54,61395  >  443 [ACK] Seq=28776 Ack=16806 Win=5840 Len=0,0.196072
3904,1171129.263138,10.42.0.49,52432.0,10.42.0.13,50326.0,TCP,54,52432  >  50832 [ACK] Seq=1 Ack=163 Win=5678 Len=0,0.102465
3905,1170540.415691,99.81.71.200,443.0,10.42.0.49,61395.0,TLSv1.2,507,Application Data,5.103934
3906,324132.107775,10.42.0.13,60924.0,10.42.0.49,52432.0,TCP,54,60920  >  52432 [ACK] Seq=496 Ack=1344 Win=65535 Len=0,0.003659
3907,1152909.406477,10.42.0.49,61395.0,99.81.71.200,443.0,TLSv1.2,555,Application Data,0.008563
3908,1178006.190576,10.42.0.49,5353.0,10.42.0.13,5353.0,MDNS,174,"Standard query response 0x0000 TXT MSS210-9f39._hap._tcp.local, ""QU"" question TXT",0.010351
3909,351019.557094,10.42.0.13,51347.0,10.42.0.28,80.0,TCP,54,51341  >  80 [ACK] Seq=1 Ack=1 Win=65535 Len=0,0.000105
3910,1178006.640746,10.42.0.49,5353.0,10.42.0.13,5353.0,MDNS,174,"Standard query response 0x0000 TXT MSS210-9f39._hap._tcp.local, ""QU"" question TXT",0.000255
3911,3741.07192,10.42.0.140,59885.0,10.42.0.28,80.0,TCP,54,59870  >  80 [ACK] Seq=1 Ack=1 Win=65535 Len=0,0.000104
3912,351019.813331,10.42.0.28,80.0,10.42.0.13,51373.0,TCP,54,80  >  51383 [ACK] Seq=1 Ack=483 Win=2438 Len=0,0.002471
3913,1175581.448517,10.42.0.49,52432.0,10.42.0.13,50508.0,HTTP,135,HTTP/1.1 200 OK  (application/pairing+tlv8),0.045022
3914,351019.058357,10.42.0.28,80.0,10.42.0.13,51348.0,TCP,54,80  >  51365 [ACK] Seq=1 Ack=483 Win=2438 Len=0,0.003587
3915,1139817.115177,10.42.0.49,52432.0,10.42.0.13,50707.0,TCP,54,52432  >  50325 [ACK] Seq=1 Ack=163 Win=5678 Len=0,0.002634
3916,351024.605155,10.42.0.13,51353.0,10.42.0.28,80.0,TCP,54,51350  >  80 [ACK] Seq=1 Ack=1 Win=65535 Len=0,0.000105
3917,1132277.798778,10.42.0.13,50323.0,10.42.0.28,80.0,TCP,54,50393  >  80 [ACK] Seq=483 Ack=103 Win=65535 Len=0,0.001078
3918,1163255.411465,10.42.0.49,61395.0,99.81.71.200,443.0,TCP,54,61395  >  443 [ACK] Seq=15312 Ack=122684 Win=5111 Len=0,0.252456
3919,255900.749129,10.42.0.28,80.0,10.42.0.13,52749.0,TCP,54,80  >  52749 [ACK] Seq=1 Ack=482 Win=2439 Len=0,0.003889
3920,1174554.805923,10.42.0.49,5353.0,10.42.0.13,5353.0,MDNS,174,"Standard query response 0x0000 TXT MSS210-9f39._hap._tcp.local, ""QU"" question TXT",0.010567
3921,1176691.684572,10.42.0.49,5353.0,10.42.0.13,5353.0,MDNS,174,"Standard query response 0x0000 TXT MSS210-9f39._hap._tcp.local, ""QU"" question TXT",0.00087
3922,1149531.541753,10.42.0.49,5353.0,10.42.0.13,5353.0,MDNS,174,"Standard query response 0x0000 TXT MSS210-9f39._hap._tcp.local, ""QU"" question TXT",0.001152
3923,1177784.588465,10.42.0.49,52432.0,10.42.0.13,50881.0,TCP,54,52432  >  50883 [ACK] Seq=1781 Ack=497 Win=5344 Len=0,0.002286
3924,255906.056929,10.42.0.13,52752.0,10.42.0.28,80.0,TCP,54,52775  >  80 [ACK] Seq=1 Ack=1 Win=65535 Len=0,0.000109
3925,1163931.642356,10.42.0.13,50404.0,10.42.0.49,52432.0,TCP,54,50404  >  52432 [ACK] Seq=496 Ack=1344 Win=65535 Len=0,0.005657
3926,1170584.654988,10.42.0.49,5353.0,224.0.0.251,5353.0,MDNS,305,"Standard query response 0x0000 PTR MSS210-9f39._hap._tcp.local SRV, cache flush 0 0 52432 Meross_Smart_Plug.local TXT, cache flush A",
3927,1182027.684577,10.42.0.13,50999.0,10.42.0.28,80.0,TCP,54,57508  >  80 [ACK] Seq=482 Ack=199 Win=65535 Len=0,0.000111
3928,1132280.99475,10.42.0.13,50325.0,10.42.0.28,80.0,TCP,54,52632  >  80 [ACK] Seq=1 Ack=1 Win=65535 Len=0,0.004043
3929,1152628.953573,10.42.0.49,61395.0,99.81.71.200,443.0,TLSv1.2,539,Application Data,0.001369
3930,351019.571319,10.42.0.13,51361.0,10.42.0.28,80.0,TCP,54,51393  >  80 [ACK] Seq=1 Ack=1 Win=65535 Len=0,0.001517
3931,1167078.40775,10.42.0.49,5353.0,10.42.0.13,5353.0,MDNS,174,"Standard query response 0x0000 TXT MSS210-9f39._hap._tcp.local, ""QU"" question TXT",0.001052
3932,1177360.033793,10.42.0.49,61395.0,99.81.71.200,443.0,TLSv1.2,539,Application Data,0.033035
3933,1152281.661558,10.42.0.13,50552.0,10.42.0.49,52432.0,TCP,54,50562  >  52432 [ACK] Seq=497 Ack=1782 Win=65535 Len=0,0.003953
3934,1132277.107058,10.42.0.49,61395.0,99.81.71.200,443.0,TLSv1.2,539,Application Data,0.125534
3935,1132277.142397,10.42.0.13,50323.0,10.42.0.49,52432.0,TCP,54,50326  >  52432 [ACK] Seq=496 Ack=1781 Win=65535 Len=0,0.004634
3936,351024.241387,10.42.0.13,51384.0,10.42.0.28,80.0,TCP,54,51383  >  80 [ACK] Seq=515 Ack=103 Win=65535 Len=0,0.001011
3937,1155583.415725,10.42.0.49,61395.0,99.81.71.200,443.0,TCP,54,61395  >  443 [ACK] Seq=113479 Ack=115688 Win=5111 Len=0,0.220598
3938,1177617.895148,10.42.0.49,52432.0,10.42.0.13,50812.0,TCP,54,52432  >  50832 [ACK] Seq=1781 Ack=497 Win=5344 Len=0,0.000247
3939,1132277.521554,10.42.0.49,52432.0,10.42.0.13,50565.0,TCP,54,52432  >  50556 [ACK] Seq=1781 Ack=497 Win=5344 Len=0,0.003143
3940,1132277.864573,10.42.0.49,61395.0,99.81.71.200,443.0,TCP,54,61395  >  443 [ACK] Seq=149120 Ack=130424 Win=5202 Len=0,0.152165
3941,351019.815319,10.42.0.13,51387.0,10.42.0.28,80.0,TCP,54,51381  >  80 [ACK] Seq=1 Ack=1 Win=65535 Len=0,0.000103
3942,1132277.561641,10.42.0.49,61395.0,99.81.71.200,443.0,TCP,54,61395  >  443 [ACK] Seq=111977 Ack=10377 Win=5702 Len=0,0.274139
3943,1149317.076685,10.42.0.49,61395.0,99.81.71.200,443.0,TCP,54,61395  >  443 [ACK] Seq=110012 Ack=62428 Win=5111 Len=0,0.122652
3944,1132277.670322,10.42.0.49,61395.0,99.81.71.200,443.0,TCP,54,61395  >  443 [ACK] Seq=120627 Ack=122284 Win=5249 Len=0,0.217971
3945,1176393.501135,10.42.0.49,61395.0,99.81.71.200,443.0,TCP,54,61395  >  443 [ACK] Seq=21977 Ack=133587 Win=5702 Len=0,0.192866
3946,1174244.884139,10.42.0.49,52432.0,10.42.0.13,50389.0,TCP,54,52432  >  50494 [ACK] Seq=1781 Ack=497 Win=5344 Len=0,0.002463
3947,1155550.584232,10.42.0.13,50556.0,10.42.0.49,52432.0,TCP,54,50552  >  52432 [ACK] Seq=496 Ack=1781 Win=65535 Len=0,0.000151
3948,1161931.078793,10.42.0.49,61395.0,99.81.71.200,443.0,TLSv1.2,539,Application Data,0.006034
3949,1171129.075977,10.42.0.49,52432.0,10.42.0.13,50755.0,HTTP,135,HTTP/1.1 200 OK  (application/pairing+tlv8),0.047745
3950,1171293.152221,10.42.0.49,61395.0,99.81.71.200,443.0,TCP,54,61395  >  443 [ACK] Seq=34312 Ack=2216197 Win=5711 Len=0,0.200387
3951,1154176.637095,10.42.0.49,61395.0,99.81.71.200,443.0,TLSv1.2,555,Application Data,0.108332
3952,351019.674239,10.42.0.49,5353.0,10.42.0.13,5353.0,MDNS,174,"Standard query response 0x0000 TXT MSS210-9f39._hap._tcp.local, ""QU"" question TXT",0.000252
3953,1170340.577927,10.42.0.49,52432.0,10.42.0.13,50756.0,TCP,54,52432  >  50505 [ACK] Seq=1781 Ack=497 Win=5344 Len=0,0.006788
3954,1153607.617898,10.42.0.49,61395.0,99.81.71.200,443.0,TLSv1.2,555,Application Data,0.102532
3955,322252.57113,10.42.0.49,5353.0,10.42.0.13,5353.0,MDNS,174,"Standard query response 0x0000 TXT MSS210-9f39._hap._tcp.local, ""QU"" question TXT",0.000673
3956,315228.416125,10.42.0.13,59433.0,10.42.0.49,80.0,TCP,54,59432  >  80 [ACK] Seq=1 Ack=1 Win=65535 Len=0,0.001017
3957,351015.410341,10.42.0.28,80.0,10.42.0.13,51381.0,TCP,58,"80  >  51383 [SYN, ACK] Seq=0 Ack=1 Win=2920 Len=0 MSS=1460",0.000107
3958,1183842.144879,10.42.0.49,52432.0,10.42.0.13,50323.0,TCP,54,52432  >  50323 [ACK] Seq=1 Ack=163 Win=5678 Len=0,0.117842
3959,1176474.903732,10.42.0.49,5353.0,10.42.0.13,5353.0,MDNS,270,"Standard query response 0x0000 PTR _hap._tcp.local, ""QU"" question PTR MSS210-9f39._hap._tcp.local SRV 0 0 52432 Meross_Smart_Pl",
3960,1149490.088646,10.42.0.49,52432.0,10.42.0.13,50549.0,TCP,54,52432  >  50494 [ACK] Seq=1 Ack=163 Win=5678 Len=0,0.12875
3961,316194.122889,,,,,MDNS,194,"Standard query response 0x0000 TXT MSS210-9f39._hap._tcp.local, ""QU"" question TXT",0.0
3962,1178003.550949,10.42.0.49,52432.0,10.42.0.13,50555.0,TCP,54,52432  >  50505 [ACK] Seq=1 Ack=163 Win=5678 Len=0,0.001023
3963,1132277.414521,10.42.0.49,61395.0,99.81.71.200,443.0,TLSv1.2,555,Application Data,0.106455
3964,1183620.660031,10.42.0.49,5353.0,10.42.0.13,5353.0,MDNS,174,"Standard query response 0x0000 TXT MSS210-9f39._hap._tcp.local, ""QU"" question TXT",0.003165
3965,1164950.475814,10.42.0.49,61395.0,99.81.71.200,443.0,TLSv1.2,555,Application Data,0.100846
3966,1136250.805272,10.42.0.49,61395.0,99.81.71.200,443.0,TLSv1.2,539,Application Data,0.058867
3967,1132277.461294,10.42.0.13,50328.0,10.42.0.49,52432.0,TCP,54,50328  >  52432 [ACK] Seq=496 Ack=1781 Win=65535 Len=0,0.005233
3968,1142026.602995,10.42.0.49,52432.0,10.42.0.13,50589.0,TCP,54,52432  >  50904 [ACK] Seq=1 Ack=163 Win=5678 Len=0,0.005569
3969,237702.575022,10.42.0.49,52432.0,10.42.0.13,59682.0,TCP,54,52432  >  59827 [ACK] Seq=1781 Ack=497 Win=5344 Len=0,0.001779
3970,237703.262292,10.42.0.13,50787.0,10.42.0.28,80.0,TCP,54,50777  >  80 [ACK] Seq=482 Ack=103 Win=65535 Len=0,0.001019
3971,1174560.641349,10.42.0.49,52432.0,10.42.0.13,50506.0,TCP,54,52432  >  50532 [ACK] Seq=1 Ack=163 Win=5678 Len=0,0.001015
3972,1132277.321661,10.42.0.13,50329.0,10.42.0.49,52432.0,TCP,54,50323  >  52432 [ACK] Seq=496 Ack=1781 Win=65535 Len=0,0.002053
3973,1132277.364177,10.42.0.13,50326.0,10.42.0.49,52432.0,TCP,54,50322  >  52432 [ACK] Seq=496 Ack=1781 Win=65535 Len=0,0.003533
3974,1144531.609882,10.42.0.49,61395.0,99.81.71.200,443.0,TLSv1.2,555,Application Data,0.101543
3975,1132277.104855,10.42.0.13,50326.0,10.42.0.49,52432.0,TCP,54,50326  >  52432 [ACK] Seq=496 Ack=1781 Win=65535 Len=0,0.003551
3976,354101.353437,10.42.0.28,80.0,10.42.0.13,51389.0,TCP,58,"80  >  51388 [SYN, ACK] Seq=0 Ack=1 Win=2920 Len=0 MSS=1460",0.001118
3977,351008.418843,10.42.0.28,80.0,10.42.0.13,51378.0,TCP,58,"80  >  51382 [SYN, ACK] Seq=0 Ack=1 Win=2920 Len=0 MSS=1460",0.001081
3978,1183872.748389,10.42.0.49,61395.0,99.81.71.200,443.0,TLSv1.2,123,Application Data,5.235377
3979,1166926.545511,10.42.0.49,52432.0,10.42.0.13,50570.0,TCP,54,52432  >  50526 [ACK] Seq=1 Ack=163 Win=5678 Len=0,0.004795
3980,351008.021949,10.42.0.13,51347.0,10.42.0.28,80.0,TCP,54,51343  >  80 [ACK] Seq=514 Ack=104 Win=65535 Len=0,0.000118
3981,351019.908511,10.42.0.28,80.0,10.42.0.13,51365.0,TCP,58,"80  >  51366 [SYN, ACK] Seq=0 Ack=1 Win=2920 Len=0 MSS=1460",0.000119
3982,1177055.420032,10.42.0.13,50752.0,10.42.0.49,52432.0,TCP,54,50527  >  52432 [ACK] Seq=496 Ack=1781 Win=65535 Len=0,0.007788
3983,259872.455739,10.42.0.13,59832.0,10.42.0.49,52432.0,TCP,54,59827  >  52432 [ACK] Seq=496 Ack=1781 Win=65535 Len=0,0.004531
3984,3741.42361,10.42.0.28,80.0,10.42.0.140,59870.0,TCP,54,80  >  59803 [ACK] Seq=1 Ack=583 Win=5259 Len=0,0.002439
3985,1132277.678425,10.42.0.13,65050.0,10.42.0.49,52432.0,TCP,54,50505  >  52432 [ACK] Seq=496 Ack=1781 Win=65535 Len=0,0.001046
3986,1158250.609315,10.42.0.49,5353.0,10.42.0.13,5353.0,MDNS,174,"Standard query response 0x0000 TXT MSS210-9f39._hap._tcp.local, ""QU"" question TXT",0.001035
3987,1178008.986641,10.42.0.13,50948.0,10.42.0.49,52432.0,TCP,54,50948  >  52432 [ACK] Seq=1 Ack=1 Win=65535 Len=0,0.002108
3988,1132277.405155,10.42.0.13,50405.0,10.42.0.49,52432.0,TCP,54,50551  >  52432 [ACK] Seq=497 Ack=1782 Win=65535 Len=0,0.005454
3989,1166737.628396,10.42.0.49,52432.0,10.42.0.13,50704.0,TCP,54,52432  >  50750 [ACK] Seq=1781 Ack=497 Win=5344 Len=0,0.000227
3990,1152618.580385,10.42.0.49,61395.0,99.81.71.200,443.0,TLSv1.2,539,Application Data,0.105333
3991,1141424.043079,10.42.0.49,52432.0,10.42.0.13,50492.0,HTTP,1096,Continuation,0.004475
3992,360331.645917,10.42.0.13,61880.0,10.42.0.49,52432.0,TCP,54,61874  >  52432 [ACK] Seq=497 Ack=1782 Win=65535 Len=0,0.000111
3993,375130.118941,10.42.0.13,51396.0,10.42.0.28,80.0,TCP,54,51385  >  80 [ACK] Seq=483 Ack=103 Win=65535 Len=0,0.000104
3994,1132277.409333,10.42.0.13,50325.0,10.42.0.49,52432.0,TCP,54,50323  >  52432 [ACK] Seq=496 Ack=1781 Win=65535 Len=0,0.001109
3995,1166739.929952,10.42.0.49,5353.0,10.42.0.13,5353.0,MDNS,174,"Standard query response 0x0000 TXT MSS210-9f39._hap._tcp.local, ""QU"" question TXT",0.000222
3996,353509.745649,10.42.0.13,51487.0,10.42.0.28,80.0,TCP,54,51367  >  80 [ACK] Seq=483 Ack=103 Win=65535 Len=0,0.000118
3997,1183277.98346,10.42.0.49,52432.0,10.42.0.13,51063.0,HTTP,1096,Continuation,0.006718
3998,1143475.586546,10.42.0.13,50514.0,10.42.0.49,52432.0,TCP,54,50541  >  52432 [ACK] Seq=496 Ack=1344 Win=65535 Len=0,0.003513
3999,1142341.041546,10.42.0.49,52432.0,10.42.0.13,50505.0,HTTP,1096,Continuation,0.006525
4000,1171195.388984,10.42.0.49,5353.0,10.42.0.13,5353.0,MDNS,174,"Standard query response 0x0000 TXT MSS210-9f39._hap._tcp.local, ""QU"" question TXT",0.000152
4001,350988.134718,10.42.0.13,51347.0,10.42.0.28,80.0,TCP,54,51387  >  80 [ACK] Seq=1 Ack=1 Win=65535 Len=0,0.000105
4002,1155826.820939,10.42.0.49,61395.0,99.81.71.200,443.0,TLSv1.2,123,Application Data,18.88387
4003,1165690.980363,10.42.0.13,50708.0,10.42.0.49,52432.0,TCP,54,50863  >  52432 [ACK] Seq=1 Ack=1 Win=65535 Len=0,0.000105
4004,1144778.590879,10.42.0.49,52432.0,10.42.0.13,50820.0,TCP,54,52432  >  50850 [ACK] Seq=1 Ack=163 Win=5678 Len=0,0.002167
4005,1131228.535838,10.42.0.49,5353.0,10.42.0.13,5353.0,MDNS,174,"Standard query response 0x0000 TXT MSS210-9f39._hap._tcp.local, ""QU"" question TXT",0.000232
4006,1132277.577543,10.42.0.49,61395.0,99.81.71.200,443.0,TCP,54,61395  >  443 [ACK] Seq=303127 Ack=11169 Win=5840 Len=0,0.004687
4007,355646.75203,10.42.0.49,5353.0,10.42.0.13,5353.0,MDNS,174,"Standard query response 0x0000 TXT MSS210-9f39._hap._tcp.local, ""QU"" question TXT",0.000269
4008,351015.562918,10.42.0.49,52432.0,10.42.0.13,61881.0,HTTP,1096,Continuation,0.006791
4009,350987.663458,10.42.0.49,52432.0,10.42.0.13,61818.0,HTTP,1096,Continuation,0.001076
4010,351064.611455,10.42.0.49,52432.0,10.42.0.13,61878.0,TCP,54,52432  >  61877 [ACK] Seq=1 Ack=163 Win=5678 Len=0,0.000104
4011,1142802.455734,10.42.0.49,61395.0,99.81.71.200,443.0,TCP,54,61395  >  443 [ACK] Seq=10346 Ack=10688 Win=5702 Len=0,0.108988
4012,1176179.951418,10.42.0.49,52432.0,10.42.0.13,50705.0,HTTP,1096,Continuation,0.007945
4013,1167453.854026,10.42.0.49,5353.0,224.0.0.251,5353.0,MDNS,305,"Standard query response 0x0000 PTR MSS210-9f39._hap._tcp.local SRV, cache flush 0 0 52432 Meross_Smart_Plug.local TXT, cache flush A",
4014,1174233.688984,10.42.0.13,50819.0,10.42.0.49,52432.0,TCP,54,50859  >  52432 [ACK] Seq=496 Ack=1344 Win=65535 Len=0,0.003277
4015,1149423.50735,10.42.0.49,5353.0,10.42.0.13,5353.0,MDNS,174,"Standard query response 0x0000 TXT MSS210-9f39._hap._tcp.local, ""QU"" question TXT",0.001137
4016,377598.10333,10.42.0.49,5353.0,10.42.0.13,5353.0,MDNS,174,"Standard query response 0x0000 TXT MSS210-9f39._hap._tcp.local, ""QU"" question TXT",0.001228
4017,350989.857289,10.42.0.49,52432.0,10.42.0.13,61758.0,TCP,54,52432  >  61876 [ACK] Seq=1781 Ack=497 Win=5344 Len=0,0.001131
4018,1183698.629934,10.42.0.13,50995.0,10.42.0.49,52432.0,TCP,54,50591  >  52432 [ACK] Seq=1 Ack=1 Win=65535 Len=0,0.001015
4019,1170510.417098,10.42.0.49,61395.0,99.81.71.200,443.0,TCP,54,61395  >  443 [ACK] Seq=317467 Ack=15498 Win=5840 Len=0,0.180188
4020,351019.648245,10.42.0.49,52432.0,10.42.0.13,61823.0,TCP,54,52432  >  61824 [ACK] Seq=1 Ack=163 Win=5678 Len=0,0.001112
4021,1132277.352133,10.42.0.13,50328.0,10.42.0.49,52432.0,TCP,54,50326  >  52432 [ACK] Seq=496 Ack=1781 Win=65535 Len=0,0.003166
4022,1158298.841021,10.42.0.13,50996.0,10.42.0.49,52432.0,TCP,54,50999  >  52432 [ACK] Seq=163 Ack=221 Win=65535 Len=0,0.003464
4023,1141476.910686,10.42.0.49,52432.0,10.42.0.13,50610.0,TCP,54,52432  >  50614 [ACK] Seq=1 Ack=163 Win=5678 Len=0,0.000104
4024,1142297.415233,10.42.0.49,5353.0,10.42.0.13,5353.0,MDNS,174,"Standard query response 0x0000 TXT MSS210-9f39._hap._tcp.local, ""QU"" question TXT",0.003222
4025,1144778.465435,10.42.0.49,52432.0,10.42.0.13,50534.0,TCP,54,[TCP Keep-Alive ACK] 52432  >  50505 [ACK] Seq=1781 Ack=496 Win=5345 Len=0,0.00
4026,246304.052253,10.42.0.49,5353.0,10.42.0.13,5353.0,MDNS,174,"Standard query response 0x0000 TXT MSS210-9f39._hap._tcp.local, ""QU"" question TXT",0.001126
4027,255907.334735,10.42.0.49,52432.0,10.42.0.13,59827.0,HTTP,135,HTTP/1.1 200 OK  (application/pairing+tlv8),0.046287
4028,1157006.781999,10.42.0.13,50752.0,10.42.0.49,52432.0,TCP,54,50759  >  52432 [ACK] Seq=1 Ack=1 Win=65535 Len=0,0.001139
4029,242741.391646,10.42.0.13,59492.0,10.42.0.49,52432.0,TCP,54,59474  >  52432 [ACK] Seq=496 Ack=1781 Win=65535 Len=0,0.003151
4030,422072.354126,10.42.0.49,52432.0,10.42.0.13,62762.0,HTTP,135,HTTP/1.1 200 OK  (application/pairing+tlv8),0.046677
4031,1132277.988131,10.42.0.49,61395.0,99.81.71.200,443.0,TLSv1.2,539,Application Data,0.006713
4032,1141424.805546,10.42.0.49,52432.0,10.42.0.13,50505.0,TCP,54,52432  >  50505 [ACK] Seq=1781 Ack=497 Win=5344 Len=0,0.000115
4033,1176929.466557,10.42.0.49,52432.0,10.42.0.13,50581.0,TCP,54,52432  >  50532 [ACK] Seq=1781 Ack=497 Win=5344 Len=0,0.006775
4034,350985.656157,10.42.0.13,51353.0,10.42.0.28,80.0,TCP,54,51353  >  80 [ACK] Seq=1 Ack=1 Win=65535 Len=0,0.00105
4035,1178006.868691,10.42.0.49,52432.0,10.42.0.13,50814.0,TCP,54,52432  >  50868 [ACK] Seq=1 Ack=163 Win=5678 Len=0,0.105771
4036,324132.303927,10.42.0.13,50387.0,10.42.0.49,80.0,TCP,54,50385  >  80 [ACK] Seq=483 Ack=103 Win=65535 Len=0,0.000105
4037,1145316.166452,10.42.0.49,5353.0,224.0.0.251,5353.0,MDNS,305,"Standard query response 0x0000 PTR MSS210-9f39._hap._tcp.local SRV, cache flush 0 0 52432 Meross_Smart_Plug.local TXT, cache flush A",
4038,375916.141519,10.42.0.49,52432.0,10.42.0.13,61887.0,TCP,54,52432  >  61874 [ACK] Seq=1781 Ack=497 Win=5344 Len=0,0.002522
4039,1152281.470649,10.42.0.13,50552.0,10.42.0.49,52432.0,TCP,54,50559  >  52432 [ACK] Seq=496 Ack=1781 Win=65535 Len=0,0.003557
4040,1158202.832835,10.42.0.13,50918.0,10.42.0.28,80.0,TCP,54,59193  >  80 [ACK] Seq=483 Ack=103 Win=65535 Len=0,0.000111
4041,243592.45201,10.42.0.49,5353.0,224.0.0.251,5353.0,MDNS,291,"Standard query response 0x0000 TXT, cache flush SRV, cache flush 0 0 52432 Meross_Smart_Plug.local A, cache flush 10.42.0.49 AAAA,",
4042,1161124.778034,10.42.0.49,52432.0,10.42.0.13,50624.0,TCP,54,52432  >  50724 [ACK] Seq=1 Ack=163 Win=5678 Len=0,0.002439
4043,351008.423649,10.42.0.49,52432.0,10.42.0.13,61875.0,TCP,54,52432  >  61877 [ACK] Seq=1781 Ack=497 Win=5344 Len=0,0.002692
4044,255907.06503,10.42.0.13,52700.0,10.42.0.28,80.0,TCP,54,52780  >  80 [ACK] Seq=482 Ack=103 Win=65535 Len=0,0.000101
4045,1132277.56263,10.42.0.49,61395.0,99.81.71.200,443.0,TCP,54,61395  >  443 [ACK] Seq=125563 Ack=137988 Win=5711 Len=0,0.218959
4046,1143478.406084,10.42.0.49,52432.0,10.42.0.13,50535.0,TCP,54,52432  >  50505 [ACK] Seq=1 Ack=163 Win=5678 Len=0,0.004852
4047,350648.022195,10.42.0.13,61874.0,10.42.0.49,52432.0,TCP,54,61875  >  52432 [ACK] Seq=496 Ack=1781 Win=65535 Len=0,0.003234
4048,1174545.666659,10.42.0.49,5353.0,10.42.0.13,5353.0,MDNS,174,"Standard query response 0x0000 TXT MSS210-9f39._hap._tcp.local, ""QU"" question TXT",0.000995
4049,1182029.929975,10.42.0.13,50918.0,10.42.0.28,80.0,TCP,54,59179  >  80 [ACK] Seq=1 Ack=1 Win=65535 Len=0,0.004257
4050,1132277.97063,10.42.0.49,61395.0,99.81.71.200,443.0,TLSv1.2,539,Application Data,0.129512
4051,265069.126196,10.42.0.13,52609.0,10.42.0.49,52432.0,TCP,54,59929  >  52432 [ACK] Seq=1 Ack=1 Win=65535 Len=0,0.003369
4052,1176121.315351,10.42.0.49,5353.0,10.42.0.13,5353.0,MDNS,174,"Standard query response 0x0000 TXT MSS210-9f39._hap._tcp.local, ""QU"" question TXT",0.00123
4053,1183251.664972,10.42.0.49,61395.0,99.81.71.200,443.0,TLSv1.2,555,Application Data,0.093718
4054,1163625.614333,10.42.0.49,52432.0,10.42.0.13,50329.0,TCP,54,52432  >  50322 [ACK] Seq=1 Ack=163 Win=5678 Len=0,0.002404
4055,1144531.603941,10.42.0.49,5353.0,10.42.0.13,5353.0,MDNS,174,"Standard query response 0x0000 TXT MSS210-9f39._hap._tcp.local, ""QU"" question TXT",0.009996
4056,1141423.419178,10.42.0.49,52432.0,10.42.0.13,50512.0,HTTP,135,HTTP/1.1 200 OK  (application/pairing+tlv8),0.044267
4057,1160718.545474,10.42.0.49,52432.0,10.42.0.13,50830.0,HTTP,135,HTTP/1.1 200 OK  (application/pairing+tlv8),0.048045
4058,1132277.304843,10.42.0.13,50393.0,10.42.0.49,52432.0,TCP,54,50342  >  52432 [ACK] Seq=496 Ack=1344 Win=65535 Len=0,0.006693
4059,419371.26646,10.42.0.49,52432.0,10.42.0.13,62481.0,TCP,54,52432  >  62486 [ACK] Seq=1 Ack=163 Win=5678 Len=0,0.116719
4060,1175692.198337,10.42.0.49,52432.0,10.42.0.13,50576.0,HTTP,1096,Continuation,0.006835
4061,1163030.608722,10.42.0.49,5353.0,224.0.0.251,5353.0,MDNS,305,"Standard query response 0x0000 PTR MSS210-9f39._hap._tcp.local SRV, cache flush 0 0 52432 Meross_Smart_Plug.local TXT, cache flush A",
4062,1171364.625465,10.42.0.49,52432.0,10.42.0.13,50605.0,HTTP,1096,Continuation,0.004135
4063,351019.89834,10.42.0.13,51382.0,10.42.0.28,80.0,TCP,54,51382  >  80 [ACK] Seq=483 Ack=199 Win=65535 Len=0,0.000105
4064,1163254.12873,10.42.0.49,52432.0,10.42.0.13,50494.0,HTTP,135,HTTP/1.1 200 OK  (application/pairing+tlv8),0.045849
4065,242637.162637,10.42.0.49,5353.0,10.42.0.13,5353.0,MDNS,174,"Standard query response 0x0000 TXT MSS210-9f39._hap._tcp.local, ""QU"" question TXT",0.000576
4066,320132.545727,10.42.0.28,80.0,10.42.0.13,50373.0,TCP,54,80  >  50777 [ACK] Seq=1 Ack=483 Win=2438 Len=0,0.002734
4067,1175828.752222,10.42.0.49,61395.0,99.81.71.200,443.0,TCP,54,61395  >  443 [ACK] Seq=32556 Ack=27814 Win=5845 Len=0,0.003738
4068,316193.053317,10.42.0.13,61870.0,10.42.0.49,52432.0,TCP,54,61871  >  52432 [ACK] Seq=497 Ack=1782 Win=65535 Len=0,0.007025
4069,1132277.657731,10.42.0.49,61395.0,99.81.71.200,443.0,TLSv1.2,539,Application Data,0.160669
4070,1174817.935015,10.42.0.49,52432.0,10.42.0.13,50623.0,HTTP,135,HTTP/1.1 200 OK  (application/pairing+tlv8),0.044491
4071,1132280.665717,10.42.0.49,61395.0,99.81.71.200,443.0,TLSv1.2,539,Application Data,0.136987
4072,1162331.315537,10.42.0.49,52432.0,10.42.0.13,50310.0,TCP,54,52432  >  50321 [ACK] Seq=1 Ack=163 Win=5678 Len=0,0.001827
4073,1171138.629213,10.42.0.49,52432.0,10.42.0.13,50895.0,TCP,54,52432  >  50868 [ACK] Seq=1 Ack=163 Win=5678 Len=0,0.001326
4074,1132277.521541,10.42.0.13,50324.0,10.42.0.49,52432.0,TCP,54,50324  >  52432 [ACK] Seq=496 Ack=1781 Win=65535 Len=0,0.003564
4075,351001.64605,10.42.0.28,80.0,10.42.0.13,51387.0,TCP,58,"80  >  51363 [SYN, ACK] Seq=0 Ack=1 Win=2920 Len=0 MSS=1460",0.001054
4076,416844.500264,10.42.0.49,52432.0,10.42.0.13,62402.0,TCP,54,52432  >  62482 [ACK] Seq=1 Ack=163 Win=5678 Len=0,0.102758
4077,1155839.931049,10.42.0.13,50556.0,10.42.0.49,52432.0,TCP,54,50591  >  52432 [ACK] Seq=1 Ack=1 Win=65535 Len=0,0.001011
4078,1178006.921177,10.42.0.49,5353.0,10.42.0.13,5353.0,MDNS,270,"Standard query response 0x0000 PTR _hap._tcp.local, ""QU"" question PTR MSS210-9f39._hap._tcp.local SRV 0 0 52432 Meross_Smart_Pl",
4079,1152972.279829,10.42.0.13,50505.0,10.42.0.49,52432.0,TCP,54,50550  >  52432 [ACK] Seq=496 Ack=1344 Win=65535 Len=0,0.001455
4080,255907.462247,10.42.0.13,52757.0,10.42.0.28,80.0,TCP,54,52772  >  80 [ACK] Seq=482 Ack=103 Win=65535 Len=0,0.001435
4081,351019.00415,10.42.0.28,80.0,10.42.0.13,51365.0,TCP,54,80  >  51365 [ACK] Seq=1 Ack=483 Win=2438 Len=0,0.001078
4082,1177745.874986,10.42.0.49,5353.0,10.42.0.13,5353.0,MDNS,174,"Standard query response 0x0000 TXT MSS210-9f39._hap._tcp.local, ""QU"" question TXT",0.000276
4083,1132277.771158,10.42.0.13,50323.0,10.42.0.49,52432.0,TCP,54,50328  >  52432 [ACK] Seq=1 Ack=1 Win=65535 Len=0,0.003876
4084,1174593.629152,10.42.0.49,5353.0,10.42.0.13,5353.0,MDNS,174,"Standard query response 0x0000 TXT MSS210-9f39._hap._tcp.local, ""QU"" question TXT",0.001122
4085,1162430.745199,10.42.0.49,52432.0,10.42.0.13,50505.0,HTTP,1096,Continuation,0.006767
4086,1178006.194578,10.42.0.49,52432.0,10.42.0.13,50815.0,TCP,54,52432  >  50532 [ACK] Seq=1 Ack=163 Win=5678 Len=0,0.001252
4087,1143478.94044,10.42.0.49,52432.0,10.42.0.13,50409.0,TCP,54,52432  >  50494 [ACK] Seq=1 Ack=163 Win=5678 Len=0,0.002858
4088,1155558.414246,10.42.0.49,5353.0,10.42.0.13,5353.0,MDNS,174,"Standard query response 0x0000 TXT MSS210-9f39._hap._tcp.local, ""QU"" question TXT",0.001087
4089,1132276.625835,10.42.0.49,61395.0,99.81.71.200,443.0,TCP,54,61395  >  443 [ACK] Seq=28118 Ack=202221 Win=5653 Len=0,0.003345
4090,351019.641174,10.42.0.13,51387.0,10.42.0.28,80.0,TCP,54,51387  >  80 [ACK] Seq=1 Ack=1 Win=65535 Len=0,0.001093
4091,235925.585657,10.42.0.13,52730.0,10.42.0.28,80.0,TCP,54,52732  >  80 [ACK] Seq=1 Ack=1 Win=65535 Len=0,0.000105
4092,1167329.299871,10.42.0.13,50752.0,10.42.0.49,52432.0,TCP,54,50750  >  52432 [ACK] Seq=497 Ack=1782 Win=65535 Len=0,0.003831
4093,1144734.281876,10.42.0.49,52432.0,10.42.0.13,50490.0,HTTP,135,HTTP/1.1 200 OK  (application/pairing+tlv8),0.043814
4094,1132277.930356,10.42.0.49,61395.0,99.81.71.200,443.0,TLSv1.2,539,Application Data,0.129423
4095,1163937.910641,10.42.0.49,61395.0,99.81.71.200,443.0,TLSv1.2,123,Application Data,4.215847
4096,1178006.428846,10.42.0.13,50991.0,10.42.0.49,52432.0,TCP,54,50948  >  52432 [ACK] Seq=414 Ack=302 Win=65535 Len=0,0.003557
4097,1170360.760683,10.42.0.49,5353.0,10.42.0.13,5353.0,MDNS,174,"Standard query response 0x0000 TXT MSS210-9f39._hap._tcp.local, ""QU"" question TXT",0.005324
4098,351019.331731,10.42.0.28,80.0,10.42.0.13,51387.0,TCP,54,80  >  51383 [ACK] Seq=1 Ack=483 Win=2438 Len=0,0.002103
4099,411001.608558,10.42.0.49,52432.0,10.42.0.13,62406.0,TCP,54,52432  >  62483 [ACK] Seq=1 Ack=163 Win=5678 Len=0,0.002453
4100,1162454.496021,10.42.0.49,52432.0,10.42.0.13,50505.0,TCP,54,52432  >  50505 [ACK] Seq=1781 Ack=497 Win=5344 Len=0,0.000153
4101,1153820.668268,10.42.0.49,61395.0,99.81.71.200,443.0,TLSv1.2,539,Application Data,0.096608
4102,250513.482692,10.42.0.13,59817.0,10.42.0.28,80.0,TCP,54,57781  >  80 [ACK] Seq=482 Ack=102 Win=65535 Len=0,0.000105
4103,243592.158271,10.42.0.13,59468.0,10.42.0.49,52432.0,TCP,54,59481  >  52432 [ACK] Seq=497 Ack=1782 Win=65535 Len=0,0.001499
4104,1165693.17092,10.42.0.49,5353.0,10.42.0.13,5353.0,MDNS,174,"Standard query response 0x0000 TXT MSS210-9f39._hap._tcp.local, ""QU"" question TXT",0.001098
4105,378524.863175,10.42.0.13,62004.0,10.42.0.49,52432.0,TCP,54,62026  >  52432 [ACK] Seq=496 Ack=1781 Win=65535 Len=0,0.003315
4106,1162467.028297,10.42.0.49,61395.0,99.81.71.200,443.0,TLSv1.2,539,Application Data,0.135064
4107,1163649.660549,10.42.0.49,52432.0,10.42.0.13,50710.0,HTTP,135,HTTP/1.1 200 OK  (application/pairing+tlv8),0.041787
4108,351019.697759,10.42.0.28,80.0,10.42.0.13,51343.0,TCP,54,80  >  51383 [ACK] Seq=1 Ack=483 Win=2438 Len=0,0.002452
4109,1163277.867312,10.42.0.49,61395.0,99.81.71.200,443.0,TLSv1.2,539,Application Data,0.111767
4110,1175692.509725,10.42.0.13,50555.0,10.42.0.49,52432.0,TCP,54,50555  >  52432 [ACK] Seq=163 Ack=221 Win=65535 Len=0,0.001033
4111,1149186.90572,10.42.0.49,52432.0,10.42.0.13,50625.0,HTTP,491,Continuation,0.004638
4112,1177055.636832,10.42.0.49,61395.0,99.81.71.200,443.0,TLSv1.2,555,Application Data,0.133079
4113,1182027.64165,10.42.0.49,52432.0,10.42.0.13,50946.0,TCP,54,52432  >  50949 [ACK] Seq=1 Ack=163 Win=5678 Len=0,0.125347
4114,1132277.993943,10.42.0.49,61395.0,99.81.71.200,443.0,TLSv1.2,123,Application Data,3.245386
4115,1132277.377813,10.42.0.13,50323.0,10.42.0.49,52432.0,TCP,54,50320  >  52432 [ACK] Seq=496 Ack=1781 Win=65535 Len=0,0.003827
4116,1165693.113305,10.42.0.49,61395.0,99.81.71.200,443.0,TLSv1.2,123,Application Data,0.039367
4117,263455.71377,10.42.0.49,5353.0,10.42.0.13,5353.0,MDNS,174,"Standard query response 0x0000 TXT MSS210-9f39._hap._tcp.local, ""QU"" question TXT",0.009577
4118,1131560.775775,10.42.0.49,52432.0,10.42.0.13,50570.0,TCP,54,52432  >  50532 [ACK] Seq=1 Ack=163 Win=5678 Len=0,0.002104
4119,1132277.598846,10.42.0.13,50326.0,10.42.0.49,52432.0,TCP,54,50325  >  52432 [ACK] Seq=1 Ack=1 Win=65535 Len=0,0.003516
4120,418620.643491,10.42.0.13,62482.0,10.42.0.49,52432.0,TCP,54,62484  >  52432 [ACK] Seq=1 Ack=1 Win=65535 Len=0,0.002419
4121,1182027.760918,10.42.0.13,50905.0,10.42.0.49,52432.0,TCP,54,50950  >  52432 [ACK] Seq=163 Ack=221 Win=65535 Len=0,0.003107
4122,320015.190776,10.42.0.49,52432.0,10.42.0.13,60936.0,TCP,54,52432  >  60904 [ACK] Seq=1781 Ack=497 Win=5344 Len=0,0.000108
4123,355098.659854,10.42.0.13,51383.0,10.42.0.28,80.0,TCP,54,51353  >  80 [ACK] Seq=482 Ack=103 Win=65535 Len=0,0.000101
4124,1174129.403355,10.42.0.49,5353.0,10.42.0.13,5353.0,MDNS,174,"Standard query response 0x0000 TXT MSS210-9f39._hap._tcp.local, ""QU"" question TXT",0.000896
4125,1182027.658218,10.42.0.13,50996.0,10.42.0.49,52432.0,TCP,54,50949  >  52432 [ACK] Seq=1 Ack=1 Win=65535 Len=0,0.003996
4126,1145669.64112,10.42.0.49,52432.0,10.42.0.13,50503.0,TCP,54,52432  >  50532 [ACK] Seq=1781 Ack=497 Win=5344 Len=0,0.001027
4127,1132277.95349,10.42.0.49,52432.0,10.42.0.13,50369.0,TCP,54,[TCP Keep-Alive ACK] 52432  >  50941 [ACK] Seq=1781 Ack=496 Win=5345 Len=0,0.000
4128,3741.355476,10.42.0.28,80.0,10.42.0.140,59887.0,TCP,54,80  >  59885 [ACK] Seq=1 Ack=483 Win=2438 Len=0,0.002746
4129,1166166.712058,10.42.0.49,61395.0,99.81.71.200,443.0,TLSv1.2,539,Application Data,0.009694
4130,351063.493776,10.42.0.13,51717.0,10.42.0.28,80.0,TCP,54,51381  >  80 [ACK] Seq=1 Ack=1 Win=65535 Len=0,0.004104
4131,1174179.535423,10.42.0.49,52432.0,10.42.0.13,50549.0,HTTP,274,HTTP/1.1 200 OK  (application/pairing+tlv8),0.220888
4132,1155562.70692,10.42.0.49,5353.0,10.42.0.13,5353.0,MDNS,174,"Standard query response 0x0000 TXT MSS210-9f39._hap._tcp.local, ""QU"" question TXT",0.000122
4133,1132277.963652,10.42.0.49,61395.0,99.81.71.200,443.0,TLSv1.2,123,Application Data,3.796564
4134,1166901.657055,10.42.0.49,61395.0,99.81.71.200,443.0,TCP,54,61395  >  443 [ACK] Seq=25221 Ack=142497 Win=5797 Len=0,0.213188
4135,1161215.043232,10.42.0.49,61395.0,99.81.71.200,443.0,TLSv1.2,539,Application Data,0.161881
4136,1170355.414855,10.42.0.49,52432.0,10.42.0.13,50572.0,TCP,54,52432  >  50532 [ACK] Seq=1 Ack=163 Win=5678 Len=0,0.000115
4137,1183202.167299,10.42.0.13,5353.0,10.42.0.49,5353.0,MDNS,87,"Standard query 0x0000 TXT MSS210-9f39._hap._tcp.local, ""QU"" question",0.045034
4138,351063.83388,10.42.0.49,5353.0,10.42.0.13,5353.0,MDNS,174,"Standard query response 0x0000 TXT MSS210-9f39._hap._tcp.local, ""QU"" question TXT",0.000928
4139,351019.056918,10.42.0.28,80.0,10.42.0.13,51365.0,TCP,58,"80  >  51365 [SYN, ACK] Seq=0 Ack=1 Win=2920 Len=0 MSS=1460",0.001021
4140,410997.593026,10.42.0.13,62504.0,10.42.0.49,52432.0,TCP,54,62526  >  52432 [ACK] Seq=163 Ack=221 Win=65535 Len=0,0.001179
4141,1182027.891886,10.42.0.13,50990.0,10.42.0.49,52432.0,TCP,54,50991  >  52432 [ACK] Seq=496 Ack=1781 Win=65535 Len=0,0.005154
4142,422076.012626,10.42.0.13,64443.0,10.42.0.49,52432.0,TCP,54,62464  >  52432 [ACK] Seq=1 Ack=1 Win=65535 Len=0,0.003894
4143,1141249.41352,10.42.0.49,5353.0,10.42.0.13,5353.0,MDNS,174,"Standard query response 0x0000 TXT MSS210-9f39._hap._tcp.local, ""QU"" question TXT",0.000853
4144,1174554.626674,10.42.0.49,5353.0,10.42.0.13,5353.0,MDNS,174,"Standard query response 0x0000 TXT MSS210-9f39._hap._tcp.local, ""QU"" question TXT",0.010985
4145,1161639.633352,10.42.0.49,5353.0,10.42.0.13,5353.0,MDNS,174,"Standard query response 0x0000 TXT MSS210-9f39._hap._tcp.local, ""QU"" question TXT",0.000253
4146,1132277.342971,10.42.0.13,50326.0,10.42.0.49,52432.0,TCP,54,50326  >  52432 [ACK] Seq=1 Ack=1 Win=65535 Len=0,0.002715
4147,1132277.236419,10.42.0.13,50328.0,10.42.0.49,52432.0,TCP,54,50324  >  52432 [ACK] Seq=497 Ack=1782 Win=65535 Len=0,0.005885
4148,356964.71697,10.42.0.49,52432.0,10.42.0.13,61871.0,TCP,54,52432  >  61871 [ACK] Seq=1781 Ack=497 Win=5344 Len=0,0.000818
4149,1176378.586419,10.42.0.13,50852.0,10.42.0.49,52432.0,TCP,54,50857  >  52432 [ACK] Seq=496 Ack=1781 Win=65535 Len=0,0.004522
4150,351008.432411,10.42.0.28,80.0,10.42.0.13,51364.0,TCP,54,80  >  51374 [ACK] Seq=1 Ack=515 Win=2406 Len=0,0.002425
4151,351008.408691,10.42.0.13,51365.0,10.42.0.28,80.0,TCP,54,51346  >  80 [ACK] Seq=1 Ack=1 Win=65535 Len=0,0.000105
4152,351019.12648,10.42.0.49,5353.0,10.42.0.13,5353.0,MDNS,174,"Standard query response 0x0000 TXT MSS210-9f39._hap._tcp.local, ""QU"" question TXT",0.001944
4153,1184267.615868,10.42.0.49,61395.0,99.81.71.200,443.0,TLSv1.2,555,Application Data,0.096095
4154,1153550.998355,10.42.0.13,50575.0,10.42.0.49,52432.0,TCP,54,50555  >  52432 [ACK] Seq=163 Ack=221 Win=65535 Len=0,0.000104
4155,234292.410551,10.42.0.13,50969.0,10.42.0.49,52432.0,TCP,54,59490  >  52432 [ACK] Seq=497 Ack=1782 Win=65535 Len=0,0.003712
4156,1178006.68255,10.42.0.49,52432.0,10.42.0.13,58255.0,TCP,54,52432  >  58255 [ACK] Seq=1781 Ack=497 Win=5344 Len=0,0.000114
4157,351019.67377,10.42.0.28,80.0,10.42.0.13,51395.0,TCP,58,"80  >  51389 [SYN, ACK] Seq=0 Ack=1 Win=2920 Len=0 MSS=1460",0.001122
4158,1170678.969475,10.42.0.49,52432.0,10.42.0.13,50880.0,TCP,54,52432  >  50868 [ACK] Seq=1 Ack=163 Win=5678 Len=0,0.002029
4159,351019.64249,10.42.0.13,51387.0,10.42.0.28,80.0,TCP,54,51349  >  80 [ACK] Seq=483 Ack=103 Win=65535 Len=0,0.000104
4160,1154172.605438,10.42.0.49,52432.0,10.42.0.13,50552.0,TCP,54,52432  >  50549 [ACK] Seq=1 Ack=163 Win=5678 Len=0,0.004334
4161,1170580.196016,10.42.0.49,52432.0,10.42.0.13,50719.0,TCP,54,[TCP Keep-Alive ACK] 52432  >  50574 [ACK] Seq=1781 Ack=496 Win=5345 Len=0,0.00
4162,1183620.778263,10.42.0.13,5353.0,10.42.0.49,5353.0,MDNS,87,"Standard query 0x0000 TXT MSS210-9f39._hap._tcp.local, ""QU"" question",0.000114
4163,255907.021055,10.42.0.13,52746.0,10.42.0.28,80.0,TCP,54,52732  >  80 [ACK] Seq=482 Ack=103 Win=65535 Len=0,0.000101
4164,235924.718967,10.42.0.49,52432.0,10.42.0.13,59755.0,HTTP,1096,Continuation,0.006768
4165,1166078.411143,10.42.0.49,52432.0,10.42.0.13,50624.0,TCP,54,52432  >  50610 [ACK] Seq=1781 Ack=497 Win=5344 Len=0,0.000115
4166,1156939.195745,10.42.0.49,5353.0,10.42.0.13,5353.0,MDNS,174,"Standard query response 0x0000 TXT MSS210-9f39._hap._tcp.local, ""QU"" question TXT",0.001222
4167,353509.456607,10.42.0.13,51381.0,10.42.0.28,80.0,TCP,54,51387  >  80 [ACK] Seq=483 Ack=103 Win=65535 Len=0,0.000105
4168,1142679.15232,10.42.0.49,52432.0,10.42.0.13,50384.0,TCP,54,52432  >  50497 [ACK] Seq=1781 Ack=497 Win=5344 Len=0,0.000113
4169,373203.320948,10.42.0.13,61919.0,10.42.0.49,52432.0,TCP,54,61931  >  52432 [ACK] Seq=497 Ack=1782 Win=65535 Len=0,0.005524
4170,1149547.252812,10.42.0.49,5353.0,10.42.0.13,5353.0,MDNS,174,"Standard query response 0x0000 TXT MSS210-9f39._hap._tcp.local, ""QU"" question TXT",0.000765
4171,405043.417778,10.42.0.13,51467.0,10.42.0.28,80.0,TCP,54,51416  >  80 [ACK] Seq=483 Ack=102 Win=65535 Len=0,0.000111
4172,1136463.80677,10.42.0.49,5353.0,224.0.0.251,5353.0,MDNS,291,"Standard query response 0x0000 TXT, cache flush SRV, cache flush 0 0 52432 Meross_Smart_Plug.local A, cache flush 10.42.0.49 AAAA",
4173,1176958.017768,10.42.0.49,61395.0,99.81.71.200,443.0,TLSv1.2,539,Application Data,0.122061
4174,1174936.15217,10.42.0.49,52432.0,10.42.0.13,50870.0,HTTP,135,HTTP/1.1 200 OK  (application/pairing+tlv8),0.045153
4175,375630.890098,10.42.0.13,61869.0,10.42.0.49,52432.0,TCP,54,61881  >  52432 [ACK] Seq=497 Ack=1782 Win=65535 Len=0,0.002011
4176,1174242.212283,10.42.0.49,52432.0,10.42.0.13,50323.0,HTTP,135,HTTP/1.1 200 OK  (application/pairing+tlv8),0.284584
4177,1182027.152732,10.42.0.13,59181.0,10.42.0.49,52432.0,TCP,54,51059  >  52432 [ACK] Seq=414 Ack=302 Win=65535 Len=0,0.003966
4178,411001.608082,10.42.0.13,51720.0,10.42.0.49,52432.0,TCP,54,51000  >  52432 [ACK] Seq=414 Ack=302 Win=65535 Len=0,0.003969
4179,427969.41943,10.42.0.49,52432.0,10.42.0.13,62927.0,TCP,54,52432  >  62719 [ACK] Seq=1781 Ack=497 Win=5344 Len=0,0.001226
4180,1183620.685546,10.42.0.49,5353.0,10.42.0.13,5353.0,MDNS,174,"Standard query response 0x0000 TXT MSS210-9f39._hap._tcp.local, ""QU"" question TXT",0.000539
4181,1170584.652891,10.42.0.49,61395.0,99.81.71.200,443.0,TLSv1.2,555,Application Data,0.009678
4182,1132277.660037,10.42.0.49,61395.0,99.81.71.200,443.0,TCP,54,61395  >  443 [ACK] Seq=25817 Ack=2797 Win=4451 Len=0,0.130349
4183,350988.169128,10.42.0.49,61388.0,54.216.1.110,443.0,TLSv1.2,123,Application Data,18.718248
4184,1174239.93067,10.42.0.49,5353.0,10.42.0.13,5353.0,MDNS,174,"Standard query response 0x0000 TXT MSS210-9f39._hap._tcp.local, ""QU"" question TXT",0.010126
4185,3741.05051,10.42.0.140,59888.0,10.42.0.28,80.0,TCP,54,59870  >  80 [ACK] Seq=483 Ack=248 Win=65535 Len=0,0.000108
4186,1182027.952871,10.42.0.13,59181.0,10.42.0.49,52432.0,TCP,54,51059  >  52432 [ACK] Seq=496 Ack=1344 Win=65535 Len=0,0.003733
4187,1132280.641674,10.42.0.13,50393.0,10.42.0.49,52432.0,TCP,54,50324  >  52432 [ACK] Seq=496 Ack=1344 Win=65535 Len=0,0.003449
4188,362346.90676,10.42.0.49,52432.0,10.42.0.13,61922.0,TCP,54,52432  >  61925 [ACK] Seq=1 Ack=163 Win=5678 Len=0,0.105899
4189,375292.439929,10.42.0.49,52432.0,10.42.0.13,61954.0,TCP,54,52432  >  61936 [ACK] Seq=1781 Ack=497 Win=5344 Len=0,0.001552
4190,1132280.35733,10.42.0.13,50329.0,10.42.0.28,80.0,TCP,54,50343  >  80 [ACK] Seq=483 Ack=103 Win=65535 Len=0,0.002529
4191,351024.990989,10.42.0.13,51387.0,10.42.0.28,80.0,TCP,54,51381  >  80 [ACK] Seq=1 Ack=1 Win=65535 Len=0,0.000105
4192,1149071.14526,10.42.0.49,52432.0,10.42.0.13,50511.0,TCP,54,52432  >  50505 [ACK] Seq=1781 Ack=497 Win=5344 Len=0,0.002465
4193,1183202.775938,10.42.0.49,61395.0,99.81.71.200,443.0,TLSv1.2,123,Application Data,3.236891
4194,1132280.818977,10.42.0.49,61395.0,99.81.71.200,443.0,TCP,54,61395  >  443 [ACK] Seq=160922 Ack=11199 Win=5702 Len=0,0.176792
4195,351015.318327,10.42.0.28,80.0,10.42.0.13,51363.0,TCP,58,"80  >  51383 [SYN, ACK] Seq=0 Ack=1 Win=2920 Len=0 MSS=1460",0.001299
4196,255907.068749,10.42.0.13,52817.0,10.42.0.28,80.0,TCP,54,52728  >  80 [ACK] Seq=482 Ack=103 Win=65535 Len=0,0.002379
4197,1177420.561526,10.42.0.49,61395.0,99.81.71.200,443.0,TLSv1.2,539,Application Data,0.123754
4198,412151.362149,10.42.0.49,52432.0,10.42.0.13,62489.0,TCP,54,52432  >  62582 [ACK] Seq=1 Ack=163 Win=5678 Len=0,0.002586
4199,1183227.508845,10.42.0.13,50919.0,10.42.0.49,52432.0,TCP,54,50949  >  52432 [ACK] Seq=496 Ack=1781 Win=65535 Len=0,0.000136
4200,362454.556315,10.42.0.49,5353.0,10.42.0.13,5353.0,MDNS,174,"Standard query response 0x0000 TXT MSS210-9f39._hap._tcp.local, ""QU"" question TXT",0.000903
4201,405153.082113,10.42.0.13,51526.0,10.42.0.28,80.0,TCP,54,51515  >  80 [ACK] Seq=1 Ack=1 Win=65535 Len=0,0.004949
4202,1171241.580799,10.42.0.49,52432.0,10.42.0.13,50494.0,TCP,54,52432  >  50494 [ACK] Seq=1781 Ack=497 Win=5344 Len=0,0.002666
4203,1146180.299536,10.42.0.49,61395.0,99.81.71.200,443.0,TLSv1.2,539,Application Data,0.051989
4204,351019.780825,10.42.0.13,51387.0,10.42.0.28,80.0,TCP,54,51358  >  80 [ACK] Seq=482 Ack=199 Win=65535 Len=0,0.000104
4205,351008.432992,10.42.0.13,51365.0,10.42.0.28,80.0,TCP,54,51367  >  80 [ACK] Seq=1 Ack=1 Win=65535 Len=0,0.000104
4206,422076.088977,10.42.0.13,62692.0,10.42.0.49,52432.0,TCP,54,62628  >  52432 [ACK] Seq=496 Ack=1781 Win=65535 Len=0,0.003453
4207,1149118.292876,10.42.0.49,52432.0,10.42.0.13,50492.0,TCP,54,52432  >  50549 [ACK] Seq=1781 Ack=497 Win=5344 Len=0,0.002397
4208,1174857.905548,10.42.0.49,5353.0,10.42.0.13,5353.0,MDNS,174,"Standard query response 0x0000 TXT MSS210-9f39._hap._tcp.local, ""QU"" question TXT",0.000262
4209,354102.125846,10.42.0.49,52432.0,10.42.0.13,61870.0,TCP,54,52432  >  61868 [ACK] Seq=1781 Ack=497 Win=5344 Len=0,0.001027
4210,356629.005574,10.42.0.49,5353.0,10.42.0.13,5353.0,MDNS,174,"Standard query response 0x0000 TXT MSS210-9f39._hap._tcp.local, ""QU"" question TXT",0.000451
4211,1132277.607392,10.42.0.49,61395.0,99.81.71.200,443.0,TLSv1.2,539,Application Data,0.125154
4212,1166939.698229,10.42.0.49,52432.0,10.42.0.13,50703.0,TCP,54,52432  >  50820 [ACK] Seq=1 Ack=163 Win=5678 Len=0,0.115928
4213,1149447.638862,10.42.0.49,52432.0,10.42.0.13,50494.0,TCP,54,"52432  >  50864 [FIN, ACK] Seq=1781 Ack=497 Win=5344 Len=0",0.002391
4214,255901.057587,10.42.0.13,52728.0,10.42.0.28,80.0,TCP,54,52781  >  80 [ACK] Seq=1 Ack=1 Win=65535 Len=0,0.000112
4215,351019.332054,10.42.0.28,80.0,10.42.0.13,51368.0,TCP,54,80  >  51385 [ACK] Seq=1 Ack=483 Win=2438 Len=0,0.002113
4216,350985.258577,10.42.0.28,80.0,10.42.0.13,51392.0,TCP,58,"80  >  51349 [SYN, ACK] Seq=0 Ack=1 Win=2920 Len=0 MSS=1460",0.001105
4217,411001.646646,10.42.0.13,51704.0,10.42.0.28,80.0,TCP,54,51728  >  80 [ACK] Seq=51 Ack=1 Win=65535 Len=0,0.00051
4218,1151218.057461,10.42.0.49,52432.0,10.42.0.13,50626.0,HTTP,135,HTTP/1.1 200 OK  (application/pairing+tlv8),0.044298
4219,1132277.973372,10.42.0.49,61395.0,99.81.71.200,443.0,TLSv1.2,123,Application Data,5.898252
4220,1132277.812026,10.42.0.49,61395.0,99.81.71.200,443.0,TLSv1.2,555,Application Data,0.036017
4221,410999.22547,10.42.0.49,61389.0,54.216.1.110,443.0,TLSv1.2,539,Application Data,0.099831
4222,1132277.27771,10.42.0.13,65059.0,10.42.0.49,52432.0,TCP,54,50756  >  52432 [ACK] Seq=496 Ack=1781 Win=65535 Len=0,0.006522
4223,356623.765459,10.42.0.49,5353.0,10.42.0.13,5353.0,MDNS,174,"Standard query response 0x0000 TXT MSS210-9f39._hap._tcp.local, ""QU"" question TXT",0.008567
4224,1147116.748018,10.42.0.49,52432.0,10.42.0.13,50708.0,HTTP,135,HTTP/1.1 200 OK  (application/pairing+tlv8),0.041484
4225,1171295.689024,10.42.0.49,52432.0,10.42.0.13,50895.0,TCP,54,52432  >  50968 [ACK] Seq=1 Ack=163 Win=5678 Len=0,0.002413
4226,1132277.407161,10.42.0.49,61395.0,99.81.71.200,443.0,TLSv1.2,539,Application Data,0.06111
4227,238903.690855,10.42.0.13,51197.0,10.42.0.28,80.0,TCP,54,51199  >  80 [ACK] Seq=1 Ack=1 Win=65535 Len=0,0.004675
4228,1138473.859234,10.42.0.49,5353.0,10.42.0.13,5353.0,MDNS,174,"Standard query response 0x0000 TXT MSS210-9f39._hap._tcp.local, ""QU"" question TXT",0.000725
4229,351019.663118,10.42.0.49,5353.0,10.42.0.13,5353.0,MDNS,174,"Standard query response 0x0000 TXT MSS210-9f39._hap._tcp.local, ""QU"" question TXT",0.000583
4230,1132277.505968,10.42.0.13,50508.0,10.42.0.49,52432.0,TCP,54,50556  >  52432 [ACK] Seq=496 Ack=1781 Win=65535 Len=0,0.006888
4231,1182029.666973,10.42.0.13,50912.0,10.42.0.49,52432.0,TCP,54,50999  >  52432 [ACK] Seq=497 Ack=1782 Win=65535 Len=0,0.007259
4232,1167439.509563,10.42.0.49,5353.0,10.42.0.13,5353.0,MDNS,174,"Standard query response 0x0000 TXT MSS210-9f39._hap._tcp.local, ""QU"" question TXT",0.010776
4233,1176693.80732,10.42.0.49,52432.0,10.42.0.13,58270.0,TCP,54,52432  >  50870 [ACK] Seq=1781 Ack=497 Win=5344 Len=0,0.003239
4234,1134428.025038,10.42.0.49,61395.0,99.81.71.200,443.0,TLSv1.2,123,Application Data,13.63732
4235,405061.021732,10.42.0.13,51496.0,10.42.0.28,80.0,TCP,54,51496  >  80 [ACK] Seq=483 Ack=102 Win=65535 Len=0,0.000108
4236,1132276.355295,10.42.0.49,61395.0,99.81.71.200,443.0,TCP,54,61395  >  443 [ACK] Seq=22302 Ack=221497 Win=5782 Len=0,0.155956
4237,1156568.140124,10.42.0.49,61395.0,99.81.71.200,443.0,TCP,54,61395  >  443 [ACK] Seq=112868 Ack=1889 Win=5849 Len=0,0.203178
4238,1155555.635563,10.42.0.49,5353.0,10.42.0.13,5353.0,MDNS,174,"Standard query response 0x0000 TXT MSS210-9f39._hap._tcp.local, ""QU"" question TXT",0.000954
4239,1178003.865729,10.42.0.13,5353.0,10.42.0.49,5353.0,MDNS,87,"Standard query 0x0000 TXT MSS210-9f39._hap._tcp.local, ""QU"" question",0.019423
4240,351015.606373,10.42.0.28,55988.0,34.241.185.170,443.0,TCP,54,55988  >  443 [ACK] Seq=2578 Ack=2498 Win=2785 Len=0,0.001699
4241,1132277.960418,10.42.0.13,50327.0,10.42.0.49,52432.0,TCP,54,50707  >  52432 [ACK] Seq=1 Ack=1 Win=65535 Len=0,0.002743
4242,1174778.840872,10.42.0.49,52432.0,10.42.0.13,50899.0,TCP,54,52432  >  50889 [ACK] Seq=1 Ack=163 Win=5678 Len=0,0.003285
4243,353509.72399,10.42.0.28,55988.0,34.241.185.170,443.0,TLSv1.2,123,Application Data,0.001258
4244,1155301.697094,10.42.0.49,61395.0,99.81.71.200,443.0,TLSv1.2,539,Application Data,0.132427
4245,265068.769798,10.42.0.13,52637.0,10.42.0.49,52432.0,HTTP,216,POST /pair-verify HTTP/1.1  (application/pairing+tlv8),0.001443
4246,351019.144039,10.42.0.28,80.0,10.42.0.13,51366.0,TCP,54,80  >  51343 [ACK] Seq=1 Ack=515 Win=2406 Len=0,0.002439
4247,1171369.653332,10.42.0.13,50393.0,10.42.0.49,52432.0,TCP,54,50393  >  52432 [ACK] Seq=496 Ack=1781 Win=65535 Len=0,0.000727
4248,1132277.381832,10.42.0.49,61395.0,99.81.71.200,443.0,TCP,54,61395  >  443 [ACK] Seq=28568 Ack=32119 Win=5702 Len=0,0.237323
4249,1156946.870589,10.42.0.49,5353.0,10.42.0.13,5353.0,MDNS,174,"Standard query response 0x0000 TXT MSS210-9f39._hap._tcp.local, ""QU"" question TXT",0.008145
4250,1175957.198259,10.42.0.49,5353.0,10.42.0.13,5353.0,MDNS,174,"Standard query response 0x0000 TXT MSS210-9f39._hap._tcp.local, ""QU"" question TXT",0.002944
4251,1132277.410416,10.42.0.49,52432.0,10.42.0.13,50329.0,TCP,54,52432  >  50320 [ACK] Seq=1 Ack=163 Win=5678 Len=0,0.002058
4252,255908.459553,10.42.0.49,52432.0,10.42.0.13,59827.0,HTTP,135,HTTP/1.1 200 OK  (application/pairing+tlv8),0.047274
4253,238904.616487,10.42.0.13,51074.0,10.42.0.28,80.0,TCP,54,51071  >  80 [ACK] Seq=483 Ack=102 Win=65535 Len=0,0.002418
4254,1166911.913646,10.42.0.13,50625.0,10.42.0.49,52432.0,TCP,54,50614  >  52432 [ACK] Seq=414 Ack=302 Win=65535 Len=0,0.000141
4255,351024.96484,10.42.0.13,51387.0,10.42.0.28,80.0,TCP,54,51343  >  80 [ACK] Seq=483 Ack=103 Win=65535 Len=0,0.000102
4256,1157058.120886,10.42.0.49,52432.0,10.42.0.13,50719.0,TCP,54,52432  >  50538 [ACK] Seq=1 Ack=163 Win=5678 Len=0,0.003457
4257,350988.91551,10.42.0.49,52432.0,10.42.0.13,61822.0,HTTP,135,HTTP/1.1 200 OK  (application/pairing+tlv8),0.044418
4258,233224.746949,10.42.0.13,50732.0,10.42.0.28,80.0,TCP,54,50728  >  80 [ACK] Seq=483 Ack=103 Win=65535 Len=0,0.000119
4259,242743.825064,10.42.0.49,5353.0,10.42.0.13,5353.0,MDNS,174,"Standard query response 0x0000 TXT MSS210-9f39._hap._tcp.local, ""QU"" question TXT",0.001114
4260,1171121.672942,10.42.0.49,52432.0,10.42.0.13,50756.0,TCP,54,52432  >  50860 [ACK] Seq=1781 Ack=497 Win=5344 Len=0,0.000824
4261,1148590.668796,10.42.0.49,61395.0,99.81.71.200,443.0,TLSv1.2,123,Application Data,1.114864
4262,1166930.588382,10.42.0.49,52432.0,10.42.0.13,50602.0,HTTP,135,HTTP/1.1 200 OK  (application/pairing+tlv8),0.041343
4263,1132277.782968,10.42.0.49,61395.0,99.81.71.200,443.0,TLSv1.2,539,Application Data,0.173116
4264,351019.017184,10.42.0.28,80.0,10.42.0.13,51378.0,TCP,54,80  >  51383 [ACK] Seq=1 Ack=483 Win=2438 Len=0,0.000239
4265,360332.48111,10.42.0.49,5353.0,10.42.0.13,5353.0,MDNS,174,"Standard query response 0x0000 TXT MSS210-9f39._hap._tcp.local, ""QU"" question TXT",0.005347
4266,1139893.03398,10.42.0.49,52432.0,10.42.0.13,50394.0,TCP,54,52432  >  50894 [ACK] Seq=1 Ack=163 Win=5678 Len=0,0.10135
4267,1132277.30605,10.42.0.49,61395.0,99.81.71.200,443.0,TLSv1.2,539,Application Data,0.101363
4268,350988.966718,10.42.0.13,51383.0,10.42.0.49,52432.0,TCP,54,59381  >  52432 [ACK] Seq=496 Ack=1781 Win=65535 Len=0,0.007423
4269,1178007.928727,10.42.0.49,52432.0,10.42.0.13,50818.0,TCP,54,52432  >  50883 [ACK] Seq=1 Ack=163 Win=5678 Len=0,0.002024
4270,1182027.650638,10.42.0.49,61395.0,99.81.71.200,443.0,TLSv1.2,539,Application Data,0.006045
4271,1143446.29335,10.42.0.49,5353.0,224.0.0.251,5353.0,MDNS,305,"Standard query response 0x0000 PTR MSS210-9f39._hap._tcp.local SRV, cache flush 0 0 52432 Meross_Smart_Plug.local TXT, cache flush A,",
4272,1176323.071243,10.42.0.49,61395.0,99.81.71.200,443.0,TCP,54,61395  >  443 [ACK] Seq=111927 Ack=14497 Win=4520 Len=0,0.036147
4273,422072.367491,10.42.0.13,62628.0,10.42.0.49,52432.0,TCP,54,62629  >  52432 [ACK] Seq=496 Ack=1781 Win=65535 Len=0,0.005515
4274,351015.41065,10.42.0.13,51353.0,10.42.0.28,80.0,TCP,54,51353  >  80 [ACK] Seq=1 Ack=1 Win=65535 Len=0,0.000113
4275,351019.571658,10.42.0.28,80.0,10.42.0.13,51378.0,TCP,58,"80  >  51347 [SYN, ACK] Seq=0 Ack=1 Win=2920 Len=0 MSS=1460",0.001032
4276,321277.587065,10.42.0.49,5353.0,10.42.0.13,5353.0,MDNS,174,"Standard query response 0x0000 TXT MSS210-9f39._hap._tcp.local, ""QU"" question TXT",0.008414
4277,324132.293775,10.42.0.49,52432.0,10.42.0.13,60957.0,HTTP,135,HTTP/1.1 200 OK  (application/pairing+tlv8),0.04418
4278,1166833.583314,10.42.0.49,52432.0,10.42.0.13,50341.0,HTTP,1096,Continuation,0.006341
4279,356631.659333,10.42.0.49,61388.0,54.216.1.110,443.0,TLSv1.2,539,Application Data,0.108548
4280,1132277.979223,10.42.0.13,50323.0,10.42.0.49,52432.0,TCP,54,50325  >  52432 [ACK] Seq=163 Ack=221 Win=65535 Len=0,0.000222
4281,1132277.266515,10.42.0.49,61395.0,99.81.71.200,443.0,TLSv1.2,539,Application Data,0.139644
4282,1149341.907269,10.42.0.49,52432.0,10.42.0.13,50531.0,TCP,54,[TCP Keep-Alive ACK] 52432  >  50941 [ACK] Seq=1781 Ack=496 Win=5345 Len=0,0.00
4283,240008.501335,10.42.0.13,51474.0,10.42.0.28,80.0,TCP,54,51454  >  80 [ACK] Seq=483 Ack=103 Win=65535 Len=0,0.000105
4284,320015.697577,10.42.0.13,59690.0,10.42.0.28,80.0,TCP,54,59699  >  80 [ACK] Seq=1 Ack=1 Win=65535 Len=0,0.006769
4285,324132.645449,10.42.0.49,5353.0,224.0.0.251,5353.0,MDNS,305,"Standard query response 0x0000 PTR MSS210-9f39._hap._tcp.local SRV, cache flush 0 0 52432 Meross_Smart_Plug.local TXT, cache flush A,",
4286,243591.949497,10.42.0.49,52432.0,10.42.0.13,59484.0,HTTP,1096,Continuation,0.009677
4287,405089.822346,10.42.0.13,51446.0,10.42.0.28,80.0,TCP,54,51436  >  80 [ACK] Seq=515 Ack=104 Win=65535 Len=0,0.000101
4288,316033.023782,10.42.0.13,59495.0,10.42.0.28,80.0,TCP,54,59434  >  80 [ACK] Seq=1 Ack=1 Win=65535 Len=0,0.000104
4289,264556.447122,10.42.0.13,5353.0,10.42.0.49,5353.0,MDNS,87,"Standard query 0x0000 TXT MSS210-9f39._hap._tcp.local, ""QU"" question",0.000587
4290,422074.07614,10.42.0.49,52432.0,10.42.0.13,62915.0,TCP,54,52432  >  62362 [ACK] Seq=1 Ack=163 Win=5678 Len=0,0.112648
4291,1132277.783333,10.42.0.49,61395.0,99.81.71.200,443.0,TLSv1.2,539,Application Data,0.032583
4292,1171363.035215,10.42.0.49,61395.0,99.81.71.200,443.0,TLSv1.2,539,Application Data,0.011255
4293,351019.682525,10.42.0.13,51387.0,10.42.0.28,80.0,TCP,54,51343  >  80 [ACK] Seq=482 Ack=103 Win=65535 Len=0,0.000107
4294,422072.043626,10.42.0.13,61011.0,10.42.0.28,80.0,TCP,54,61011  >  80 [ACK] Seq=1 Ack=1 Win=65535 Len=0,0.000489
4295,1132277.962934,10.42.0.13,50328.0,10.42.0.49,52432.0,TCP,54,50323  >  52432 [ACK] Seq=496 Ack=1344 Win=65535 Len=0,0.003969
4296,1132280.635717,10.42.0.13,50394.0,10.42.0.49,52432.0,TCP,54,50323  >  52432 [ACK] Seq=163 Ack=221 Win=65535 Len=0,0.000342
4297,351019.132773,10.42.0.13,51387.0,10.42.0.28,80.0,TCP,54,51381  >  80 [ACK] Seq=1 Ack=1 Win=65535 Len=0,0.004551
4298,1178007.96425,10.42.0.49,52432.0,10.42.0.13,58255.0,TCP,54,52432  >  58254 [ACK] Seq=1 Ack=163 Win=5678 Len=0,0.203188
4299,1177338.664672,10.42.0.49,52432.0,10.42.0.13,50855.0,TCP,54,52432  >  50850 [ACK] Seq=1781 Ack=497 Win=5344 Len=0,0.000126
4300,1132277.500034,10.42.0.13,50328.0,10.42.0.49,52432.0,TCP,54,50326  >  52432 [ACK] Seq=496 Ack=1344 Win=65535 Len=0,0.003645
4301,1170691.951063,10.42.0.49,5353.0,10.42.0.13,5353.0,MDNS,174,"Standard query response 0x0000 TXT MSS210-9f39._hap._tcp.local, ""QU"" question TXT",0.010493
4302,1150932.987911,10.42.0.49,5353.0,10.42.0.13,5353.0,MDNS,174,"Standard query response 0x0000 TXT MSS210-9f39._hap._tcp.local, ""QU"" question TXT",0.010763
4303,351064.617512,10.42.0.49,52432.0,10.42.0.13,61878.0,TCP,54,52432  >  61874 [ACK] Seq=1781 Ack=497 Win=5344 Len=0,0.000195
4304,1145900.624086,10.42.0.13,50528.0,10.42.0.49,52432.0,TCP,54,50526  >  52432 [ACK] Seq=496 Ack=1781 Win=65535 Len=0,0.003969
4305,259872.222135,10.42.0.13,59808.0,10.42.0.28,80.0,TCP,54,52911  >  80 [ACK] Seq=482 Ack=102 Win=65535 Len=0,0.000115
4306,321987.026611,10.42.0.49,5353.0,10.42.0.13,5353.0,MDNS,174,"Standard query response 0x0000 TXT MSS210-9f39._hap._tcp.local, ""QU"" question TXT",0.007869
4307,351002.321339,10.42.0.28,80.0,10.42.0.13,51387.0,TCP,58,"80  >  51383 [SYN, ACK] Seq=0 Ack=1 Win=2920 Len=0 MSS=1460",0.001292
4308,1177800.446061,10.42.0.13,50750.0,10.42.0.49,52432.0,TCP,54,50714  >  52432 [ACK] Seq=1 Ack=1 Win=65535 Len=0,0.001025
4309,1183203.855575,10.42.0.49,61395.0,99.81.71.200,443.0,TLSv1.2,123,Application Data,17.86483
4310,1171133.022734,10.42.0.49,61395.0,99.81.71.200,443.0,TLSv1.2,539,Application Data,0.135696
4311,1182027.968583,10.42.0.49,52432.0,10.42.0.13,50953.0,TCP,54,52432  >  50949 [ACK] Seq=1 Ack=163 Win=5678 Len=0,0.12895
4312,1178006.684379,10.42.0.49,52432.0,10.42.0.13,50894.0,TCP,54,52432  >  50894 [ACK] Seq=1 Ack=163 Win=5678 Len=0,0.100143
4313,1171235.063118,10.42.0.49,5353.0,10.42.0.13,5353.0,MDNS,174,"Standard query response 0x0000 TXT MSS210-9f39._hap._tcp.local, ""QU"" question TXT",0.000853
4314,1178007.045824,10.42.0.49,5353.0,10.42.0.13,5353.0,MDNS,270,"Standard query response 0x0000 PTR _hap._tcp.local, ""QU"" question PTR MSS210-9f39._hap._tcp.local SRV 0 0 52432 Meross_Smart_Pl",
4315,365633.137885,10.42.0.49,61388.0,54.216.1.110,443.0,TLSv1.2,555,Application Data,0.10028
4316,1149547.210316,10.42.0.49,52432.0,10.42.0.13,50555.0,TCP,54,52432  >  50554 [ACK] Seq=1781 Ack=497 Win=5344 Len=0,0.003477
4317,1166077.617832,10.42.0.49,5353.0,10.42.0.13,5353.0,MDNS,174,"Standard query response 0x0000 TXT MSS210-9f39._hap._tcp.local, ""QU"" question TXT",0.000876
4318,1177055.088589,10.42.0.49,52432.0,10.42.0.13,50570.0,TCP,54,52432  >  50808 [ACK] Seq=1781 Ack=497 Win=5344 Len=0,0.000108
4319,1132277.480893,10.42.0.49,61395.0,99.81.71.200,443.0,TCP,54,61395  >  443 [ACK] Seq=33356 Ack=20974 Win=4584 Len=0,0.119928
4320,360001.528949,10.42.0.49,52432.0,10.42.0.13,61714.0,TCP,54,52432  >  61919 [ACK] Seq=1781 Ack=497 Win=5344 Len=0,0.002519
4321,351019.664899,10.42.0.28,80.0,10.42.0.13,51361.0,TCP,54,80  >  51332 [ACK] Seq=1 Ack=483 Win=2438 Len=0,0.002365
4322,237704.495219,10.42.0.13,51277.0,10.42.0.28,80.0,TCP,54,51129  >  80 [ACK] Seq=482 Ack=102 Win=65535 Len=0,0.000104
4323,1161231.761857,10.42.0.49,52432.0,10.42.0.13,50704.0,TCP,54,52432  >  50722 [ACK] Seq=1 Ack=163 Win=5678 Len=0,0.003742
4324,1183601.732145,10.42.0.49,52432.0,10.42.0.13,50491.0,TCP,54,52432  >  50532 [ACK] Seq=1 Ack=163 Win=5678 Len=0,0.104799
4325,1166939.026716,10.42.0.49,5353.0,10.42.0.13,5353.0,MDNS,174,"Standard query response 0x0000 TXT MSS210-9f39._hap._tcp.local, ""QU"" question TXT",0.000224
4326,350988.690083,10.42.0.13,61888.0,10.42.0.49,52432.0,TCP,54,61888  >  52432 [ACK] Seq=497 Ack=1782 Win=65535 Len=0,0.001521
4327,1170540.941324,10.42.0.49,61395.0,99.81.71.200,443.0,TLSv1.2,555,Application Data,0.100414
4328,1162131.966193,10.42.0.49,52432.0,10.42.0.13,50753.0,HTTP,1096,Continuation,0.00665
4329,1174749.884412,10.42.0.13,50524.0,10.42.0.49,52432.0,TCP,54,50494  >  52432 [ACK] Seq=496 Ack=1344 Win=65535 Len=0,0.004022
4330,1176939.517039,10.42.0.49,5353.0,10.42.0.13,5353.0,MDNS,174,"Standard query response 0x0000 TXT MSS210-9f39._hap._tcp.local, ""QU"" question TXT",0.009816
4331,351019.110171,10.42.0.28,80.0,10.42.0.13,51333.0,TCP,58,"80  >  51362 [SYN, ACK] Seq=0 Ack=1 Win=2920 Len=0 MSS=1460",0.001117
4332,351019.563046,10.42.0.13,51387.0,10.42.0.28,80.0,TCP,54,51387  >  80 [ACK] Seq=483 Ack=103 Win=65535 Len=0,0.000109
4333,1181202.619799,10.42.0.49,52432.0,10.42.0.13,50623.0,TCP,54,52432  >  50614 [ACK] Seq=1 Ack=163 Win=5678 Len=0,0.106407
4334,240372.624833,10.42.0.13,59473.0,10.42.0.49,52432.0,TCP,54,59486  >  52432 [ACK] Seq=496 Ack=1344 Win=65535 Len=0,0.001116
4335,1157453.027497,10.42.0.49,61395.0,99.81.71.200,443.0,TCP,54,61395  >  443 [ACK] Seq=153577 Ack=1497 Win=5702 Len=0,0.177732
4336,1181963.052763,10.42.0.49,61395.0,99.81.71.200,443.0,TLSv1.2,539,Application Data,0.128885
4337,1158290.505036,10.42.0.49,61395.0,99.81.71.200,443.0,TCP,54,61395  >  443 [ACK] Seq=13197 Ack=180497 Win=5840 Len=0,0.107914
4338,1134932.999035,10.42.0.13,50392.0,10.42.0.49,52432.0,TCP,54,50391  >  52432 [ACK] Seq=1 Ack=1 Win=65535 Len=0,0.002585
4339,1132277.860415,10.42.0.13,50326.0,10.42.0.49,52432.0,TCP,54,50320  >  52432 [ACK] Seq=496 Ack=1781 Win=65535 Len=0,0.003916
4340,1138194.505373,10.42.0.49,61395.0,99.81.71.200,443.0,TCP,54,61395  >  443 [ACK] Seq=32174 Ack=30719 Win=5840 Len=0,0.195152
4341,351024.049136,10.42.0.28,80.0,10.42.0.13,51387.0,TCP,54,80  >  51368 [ACK] Seq=1 Ack=483 Win=2438 Len=0,0.002894
4342,238907.258975,10.42.0.49,52432.0,10.42.0.13,59708.0,HTTP,135,HTTP/1.1 200 OK  (application/pairing+tlv8),0.043785
4343,1156070.66978,10.42.0.49,52432.0,10.42.0.13,50608.0,TCP,54,52432  >  50830 [ACK] Seq=1 Ack=163 Win=5678 Len=0,0.006489
4344,1170315.637429,10.42.0.49,52432.0,10.42.0.13,50874.0,TCP,54,52432  >  50750 [ACK] Seq=1 Ack=163 Win=5678 Len=0,0.10645
4345,1170555.626436,10.42.0.49,52432.0,10.42.0.13,50562.0,TCP,54,[TCP Keep-Alive ACK] 52432  >  50572 [ACK] Seq=1781 Ack=496 Win=5345 Len=0,0.00
4346,1132277.996625,10.42.0.13,50329.0,10.42.0.49,52432.0,TCP,54,50962  >  52432 [ACK] Seq=497 Ack=1782 Win=65535 Len=0,0.003866
4347,1132277.408085,10.42.0.13,50340.0,10.42.0.49,52432.0,TCP,54,50320  >  52432 [ACK] Seq=496 Ack=1344 Win=65535 Len=0,0.001173
4348,1171136.778721,10.42.0.49,52432.0,10.42.0.13,50855.0,TCP,54,52432  >  50832 [ACK] Seq=1781 Ack=497 Win=5344 Len=0,0.000126
4349,1165693.061157,10.42.0.13,50636.0,10.42.0.49,52432.0,TCP,54,50613  >  52432 [ACK] Seq=496 Ack=1781 Win=65535 Len=0,0.006651
4350,1153820.571097,10.42.0.13,50555.0,10.42.0.49,52432.0,TCP,54,50555  >  52432 [ACK] Seq=163 Ack=221 Win=65535 Len=0,0.000119
4351,350983.091088,10.42.0.13,51388.0,10.42.0.28,80.0,TCP,54,51383  >  80 [ACK] Seq=1 Ack=1 Win=65535 Len=0,0.001017
4352,356630.411966,10.42.0.13,61888.0,10.42.0.49,52432.0,TCP,54,61878  >  52432 [ACK] Seq=497 Ack=1782 Win=65535 Len=0,0.000167
4353,351024.939833,10.42.0.49,5353.0,10.42.0.13,5353.0,MDNS,174,"Standard query response 0x0000 TXT MSS210-9f39._hap._tcp.local, ""QU"" question TXT",0.000752
4354,1170570.902915,10.42.0.49,5353.0,10.42.0.13,5353.0,MDNS,174,"Standard query response 0x0000 TXT MSS210-9f39._hap._tcp.local, ""QU"" question TXT",0.004269
4355,1149567.110821,10.42.0.49,61395.0,99.81.71.200,443.0,TLSv1.2,539,Application Data,0.106495
4356,1157843.657913,10.42.0.49,61395.0,99.81.71.200,443.0,TLSv1.2,539,Application Data,0.11339
4357,1160073.509494,10.42.0.49,52432.0,10.42.0.13,50703.0,TCP,54,52432  >  50832 [ACK] Seq=1 Ack=163 Win=5678 Len=0,0.002358
4358,1166176.19572,10.42.0.49,52432.0,10.42.0.13,50708.0,HTTP,1096,Continuation,0.010631
4359,351019.039491,10.42.0.13,51387.0,10.42.0.28,80.0,TCP,54,51393  >  80 [ACK] Seq=1 Ack=1 Win=65535 Len=0,0.002115
4360,362337.40072,10.42.0.49,5353.0,10.42.0.13,5353.0,MDNS,174,"Standard query response 0x0000 TXT MSS210-9f39._hap._tcp.local, ""QU"" question TXT",0.004249
4361,1142131.414219,10.42.0.49,52432.0,10.42.0.13,50492.0,TCP,54,52432  >  50492 [ACK] Seq=1 Ack=163 Win=5678 Len=0,0.002462
4362,1132277.421558,10.42.0.49,61395.0,99.81.71.200,443.0,TCP,54,61395  >  443 [ACK] Seq=105687 Ack=17916 Win=5797 Len=0,0.155249
4363,1171203.40835,10.42.0.49,5353.0,10.42.0.13,5353.0,MDNS,174,"Standard query response 0x0000 TXT MSS210-9f39._hap._tcp.local, ""QU"" question TXT",0.000851
4364,1164717.99235,10.42.0.49,5353.0,10.42.0.13,5353.0,MDNS,174,"Standard query response 0x0000 TXT MSS210-9f39._hap._tcp.local, ""QU"" question TXT",0.007676
4365,1162314.807798,10.42.0.49,61395.0,99.81.71.200,443.0,TLSv1.2,555,Application Data,0.107864
4366,1153497.473092,10.42.0.49,52432.0,10.42.0.13,50540.0,HTTP,135,HTTP/1.1 200 OK  (application/pairing+tlv8),0.044464
4367,1166972.134732,10.42.0.49,5353.0,10.42.0.13,5353.0,MDNS,174,"Standard query response 0x0000 TXT MSS210-9f39._hap._tcp.local, ""QU"" question TXT",0.000117
4368,1154554.010055,10.42.0.49,5353.0,10.42.0.13,5353.0,MDNS,174,"Standard query response 0x0000 TXT MSS210-9f39._hap._tcp.local, ""QU"" question TXT",0.000876
4369,238901.580771,10.42.0.13,51174.0,10.42.0.28,80.0,TCP,54,51171  >  80 [ACK] Seq=1 Ack=1 Win=65535 Len=0,0.002499
4370,1176119.879193,10.42.0.49,52432.0,10.42.0.13,50881.0,HTTP,1096,Continuation,0.007345
4371,1166723.905252,10.42.0.49,61395.0,99.81.71.200,443.0,TCP,54,61395  >  443 [ACK] Seq=25718 Ack=22199 Win=5849 Len=0,0.127159
4372,255908.413026,10.42.0.28,80.0,10.42.0.13,52749.0,TCP,54,80  >  52749 [ACK] Seq=1 Ack=482 Win=2439 Len=0,0.002523
4373,1158384.715121,10.42.0.49,5353.0,10.42.0.13,5353.0,MDNS,270,"Standard query response 0x0000 PTR _hap._tcp.local, ""QU"" question PTR MSS210-9f39._hap._tcp.local SRV 0 0 52432 Meross_Smart_Pl",
4374,354108.574426,10.42.0.49,5353.0,224.0.0.251,5353.0,MDNS,305,"Standard query response 0x0000 PTR MSS210-9f39._hap._tcp.local SRV, cache flush 0 0 52432 Meross_Smart_Plug.local TXT, cache flush A,",
4375,1132277.970837,10.42.0.13,50326.0,10.42.0.49,52432.0,TCP,54,50324  >  52432 [ACK] Seq=496 Ack=1781 Win=65535 Len=0,0.003955
4376,416849.14953,10.42.0.49,61389.0,54.216.1.110,443.0,TCP,54,61389  >  443 [ACK] Seq=11282 Ack=46469 Win=5840 Len=0,0.165739
4377,350988.863388,10.42.0.49,52432.0,10.42.0.13,61938.0,HTTP,135,HTTP/1.1 200 OK  (application/pairing+tlv8),0.044518
4378,1149567.005418,10.42.0.49,61395.0,99.81.71.200,443.0,TLSv1.2,123,Application Data,5.032563
4379,1132277.206122,10.42.0.13,65055.0,10.42.0.49,52432.0,TCP,54,50526  >  52432 [ACK] Seq=496 Ack=1344 Win=65535 Len=0,0.001375
4380,351019.901213,10.42.0.28,80.0,10.42.0.13,51347.0,TCP,54,80  >  51382 [ACK] Seq=1 Ack=483 Win=2438 Len=0,0.002557
4381,1170327.184586,10.42.0.49,52432.0,10.42.0.13,50856.0,TCP,54,52432  >  50832 [ACK] Seq=1 Ack=163 Win=5678 Len=0,0.003286
4382,1137828.919545,10.42.0.49,61395.0,99.81.71.200,443.0,TCP,54,61395  >  443 [ACK] Seq=107666 Ack=18899 Win=5202 Len=0,0.121174
4383,351019.905517,10.42.0.13,51353.0,10.42.0.28,80.0,TCP,54,51371  >  80 [ACK] Seq=1 Ack=1 Win=65535 Len=0,0.004945
4384,361196.649631,10.42.0.49,5353.0,10.42.0.13,5353.0,MDNS,174,"Standard query response 0x0000 TXT MSS210-9f39._hap._tcp.local, ""QU"" question TXT",0.000345
4385,1145900.578631,10.42.0.49,5353.0,10.42.0.13,5353.0,MDNS,174,"Standard query response 0x0000 TXT MSS210-9f39._hap._tcp.local, ""QU"" question TXT",0.000851
4386,1141863.497069,10.42.0.49,5353.0,10.42.0.13,5353.0,MDNS,174,"Standard query response 0x0000 TXT MSS210-9f39._hap._tcp.local, ""QU"" question TXT",0.000851
4387,234901.560112,10.42.0.13,51260.0,10.42.0.28,80.0,TCP,54,51010  >  80 [ACK] Seq=482 Ack=102 Win=65535 Len=0,0.000105
4388,1183646.778176,10.42.0.49,5353.0,10.42.0.13,5353.0,MDNS,174,"Standard query response 0x0000 TXT MSS210-9f39._hap._tcp.local, ""QU"" question TXT",0.000222
4389,422076.092949,10.42.0.49,52432.0,10.42.0.13,62759.0,TCP,54,52432  >  62920 [ACK] Seq=1781 Ack=497 Win=5344 Len=0,0.000251
4390,1143425.852027,10.42.0.49,52432.0,10.42.0.13,50556.0,TCP,54,52432  >  50532 [ACK] Seq=1781 Ack=497 Win=5344 Len=0,0.004949
4391,1146736.707014,10.42.0.49,61395.0,99.81.71.200,443.0,TLSv1.2,555,Application Data,0.101254
4392,1141444.546086,10.42.0.49,5353.0,10.42.0.13,5353.0,MDNS,174,"Standard query response 0x0000 TXT MSS210-9f39._hap._tcp.local, ""QU"" question TXT",0.000622
4393,1178007.923232,10.42.0.13,50704.0,10.42.0.49,52432.0,TCP,54,50702  >  52432 [ACK] Seq=163 Ack=221 Win=65535 Len=0,0.000112
4394,1138203.876469,10.42.0.49,61395.0,99.81.71.200,443.0,TLSv1.2,539,Application Data,0.179857
4395,351019.039215,10.42.0.13,51387.0,10.42.0.28,80.0,TCP,54,51395  >  80 [ACK] Seq=483 Ack=103 Win=65535 Len=0,0.000105
4396,351015.31995,10.42.0.13,51353.0,10.42.0.28,80.0,TCP,54,51353  >  80 [ACK] Seq=1 Ack=1 Win=65535 Len=0,0.002107
4397,1152909.95427,10.42.0.49,52432.0,10.42.0.13,50545.0,TCP,54,52432  >  50532 [ACK] Seq=1 Ack=163 Win=5678 Len=0,0.002347
4398,405043.814091,10.42.0.13,51492.0,10.42.0.28,80.0,TCP,54,51494  >  80 [ACK] Seq=515 Ack=104 Win=65535 Len=0,0.000104
4399,1170542.580685,10.42.0.49,52432.0,10.42.0.13,50975.0,TCP,54,52432  >  50532 [ACK] Seq=1 Ack=163 Win=5678 Len=0,0.125104
4400,1132277.352029,10.42.0.13,50328.0,10.42.0.28,80.0,TCP,54,50329  >  80 [ACK] Seq=482 Ack=103 Win=65535 Len=0,0.000105
4401,1132277.873055,10.42.0.13,50317.0,10.42.0.49,52432.0,TCP,54,50853  >  52432 [ACK] Seq=496 Ack=1781 Win=65535 Len=0,0.005938
4402,1145314.645271,10.42.0.49,52432.0,10.42.0.13,50503.0,HTTP,135,HTTP/1.1 200 OK  (application/pairing+tlv8),0.041145
4403,1157193.993777,10.42.0.49,61395.0,99.81.71.200,443.0,TLSv1.2,555,Application Data,0.017054
4404,1175619.192432,10.42.0.49,52432.0,10.42.0.13,50532.0,TCP,54,52432  >  50532 [ACK] Seq=1 Ack=163 Win=5678 Len=0,0.001043
4405,351008.693177,10.42.0.28,80.0,10.42.0.13,51381.0,TCP,58,"80  >  51391 [SYN, ACK] Seq=0 Ack=1 Win=2920 Len=0 MSS=1460",0.001012
4406,247002.553253,10.42.0.49,52432.0,10.42.0.13,59691.0,HTTP,491,Continuation,0.004733
4407,416844.50105,10.42.0.49,5353.0,10.42.0.13,5353.0,MDNS,174,"Standard query response 0x0000 TXT MSS210-9f39._hap._tcp.local, ""QU"" question TXT",0.000828
4408,1132280.676089,10.42.0.13,50318.0,10.42.0.49,52432.0,TCP,54,50942  >  52432 [ACK] Seq=497 Ack=1782 Win=65535 Len=0,0.003223
4409,1183273.669899,10.42.0.49,52432.0,10.42.0.13,50612.0,HTTP,1096,Continuation,0.006586
4410,418620.908191,10.42.0.13,62517.0,10.42.0.49,52432.0,TCP,54,62591  >  52432 [ACK] Seq=497 Ack=1782 Win=65535 Len=0,0.000199
4411,1152616.851779,10.42.0.49,61395.0,99.81.71.200,443.0,TLSv1.2,123,Application Data,37.60543
4412,351019.328279,10.42.0.13,51365.0,10.42.0.28,80.0,TCP,54,51393  >  80 [ACK] Seq=1 Ack=1 Win=65535 Len=0,0.003853
4413,1162457.650651,10.42.0.49,52432.0,10.42.0.13,50705.0,TCP,54,52432  >  50555 [ACK] Seq=1781 Ack=497 Win=5344 Len=0,0.000126
4414,1178000.446085,10.42.0.49,52432.0,10.42.0.13,50948.0,TCP,54,52432  >  50532 [ACK] Seq=1 Ack=163 Win=5678 Len=0,0.104317
4415,1158250.117365,10.42.0.49,61395.0,99.81.71.200,443.0,TCP,54,61395  >  443 [ACK] Seq=111977 Ack=11119 Win=5849 Len=0,0.153289
4416,350983.209097,10.42.0.13,51718.0,10.42.0.28,80.0,TCP,54,51398  >  80 [ACK] Seq=1 Ack=1 Win=65535 Len=0,0.00101
4417,315228.509415,10.42.0.13,60919.0,10.42.0.49,52432.0,TCP,54,60959  >  52432 [ACK] Seq=163 Ack=221 Win=65535 Len=0,0.000172
4418,376193.00299,10.42.0.49,61388.0,54.216.1.110,443.0,TLSv1.2,123,Application Data,3.132568
4419,1131193.735435,10.42.0.49,5353.0,10.42.0.13,5353.0,MDNS,174,"Standard query response 0x0000 TXT MSS210-9f39._hap._tcp.local, ""QU"" question TXT",0.000272
4420,1157747.555574,10.42.0.49,5353.0,10.42.0.13,5353.0,MDNS,174,"Standard query response 0x0000 TXT MSS210-9f39._hap._tcp.local, ""QU"" question TXT",0.000253
4421,354101.311595,10.42.0.28,80.0,10.42.0.13,51363.0,TCP,58,"80  >  51383 [SYN, ACK] Seq=0 Ack=1 Win=2920 Len=0 MSS=1460",0.000111
4422,351019.702177,10.42.0.49,52432.0,10.42.0.13,61755.0,HTTP,135,HTTP/1.1 200 OK  (application/pairing+tlv8),0.044677
4423,1132277.590481,10.42.0.13,50326.0,10.42.0.49,52432.0,TCP,54,50314  >  52432 [ACK] Seq=496 Ack=1781 Win=65535 Len=0,0.000464
4424,1163639.995236,10.42.0.49,5353.0,224.0.0.251,5353.0,MDNS,305,"Standard query response 0x0000 PTR MSS210-9f39._hap._tcp.local SRV, cache flush 0 0 52432 Meross_Smart_Plug.local TXT, cache flush A",
4425,351019.048614,10.42.0.13,51363.0,10.42.0.28,80.0,TCP,54,51385  >  80 [ACK] Seq=515 Ack=104 Win=65535 Len=0,0.000105
4426,1171121.877413,10.42.0.49,52432.0,10.42.0.13,50494.0,TCP,54,52432  >  50496 [ACK] Seq=1 Ack=163 Win=5678 Len=0,0.180624
4427,1170584.414774,10.42.0.49,52432.0,10.42.0.13,50507.0,TCP,54,52432  >  50532 [ACK] Seq=1781 Ack=497 Win=5344 Len=0,0.004251
4428,1171296.042626,10.42.0.49,52432.0,10.42.0.13,50492.0,TCP,54,52432  >  50949 [ACK] Seq=1781 Ack=497 Win=5344 Len=0,0.000147
4429,1132277.580494,10.42.0.13,50326.0,10.42.0.28,80.0,TCP,54,65050  >  80 [ACK] Seq=1 Ack=1 Win=65535 Len=0,0.004105
4430,1138403.557074,10.42.0.49,61395.0,99.81.71.200,443.0,TCP,54,61395  >  443 [ACK] Seq=20356 Ack=20657 Win=5740 Len=0,0.099725
4431,351015.606189,10.42.0.28,80.0,10.42.0.13,51382.0,TCP,58,"80  >  51388 [SYN, ACK] Seq=0 Ack=1 Win=2920 Len=0 MSS=1460",0.001256
4432,356629.806655,10.42.0.49,52432.0,10.42.0.13,61823.0,TCP,54,52432  >  61822 [ACK] Seq=1 Ack=163 Win=5678 Len=0,0.006899
4433,1174787.174891,10.42.0.49,52432.0,10.42.0.13,50895.0,TCP,54,52432  >  50850 [ACK] Seq=1781 Ack=497 Win=5344 Len=0,0.000125
4434,351019.490215,10.42.0.13,51369.0,10.42.0.28,80.0,TCP,54,51349  >  80 [ACK] Seq=1 Ack=1 Win=65535 Len=0,0.000104
4435,356580.802443,10.42.0.13,61888.0,10.42.0.49,52432.0,TCP,54,61888  >  52432 [ACK] Seq=496 Ack=1344 Win=65535 Len=0,0.004919
4436,355628.613416,10.42.0.13,61838.0,10.42.0.49,52432.0,TCP,54,61878  >  52432 [ACK] Seq=1 Ack=1 Win=65535 Len=0,0.000286
4437,1145531.142223,10.42.0.49,52432.0,10.42.0.13,50551.0,HTTP,491,Continuation,0.004733
4438,238901.615211,10.42.0.13,51193.0,10.42.0.28,80.0,TCP,54,51196  >  80 [ACK] Seq=1 Ack=1 Win=65535 Len=0,0.000104
4439,1170581.508162,10.42.0.49,52432.0,10.42.0.13,50755.0,TCP,54,52432  >  50533 [ACK] Seq=1 Ack=163 Win=5678 Len=0,0.002974
4440,351015.410327,10.42.0.28,80.0,10.42.0.13,51378.0,TCP,58,"80  >  51363 [SYN, ACK] Seq=0 Ack=1 Win=2920 Len=0 MSS=1460",0.001299
4441,356630.126577,10.42.0.49,61388.0,54.216.1.110,443.0,TCP,54,61388  >  443 [ACK] Seq=18947 Ack=1111 Win=5849 Len=0,0.189857
4442,351019.545294,10.42.0.13,51353.0,10.42.0.28,80.0,TCP,54,51343  >  80 [ACK] Seq=1 Ack=1 Win=65535 Len=0,0.000105
4443,1147874.801662,10.42.0.13,50810.0,10.42.0.49,52432.0,TCP,54,51068  >  52432 [ACK] Seq=496 Ack=1781 Win=65535 Len=0,0.000104
4444,1156826.708914,10.42.0.49,5353.0,10.42.0.13,5353.0,MDNS,174,"Standard query response 0x0000 TXT MSS210-9f39._hap._tcp.local, ""QU"" question TXT",0.000934
4445,1178006.711319,10.42.0.49,5353.0,10.42.0.13,5353.0,MDNS,174,"Standard query response 0x0000 TXT MSS210-9f39._hap._tcp.local, ""QU"" question TXT",0.004593
4446,320015.574898,10.42.0.28,80.0,10.42.0.13,51365.0,TCP,54,80  >  51355 [ACK] Seq=1 Ack=482 Win=2439 Len=0,0.000113
4447,351024.494611,10.42.0.28,80.0,10.42.0.13,51387.0,TCP,54,80  >  51367 [ACK] Seq=1 Ack=515 Win=2406 Len=0,0.001191
4448,351024.880037,10.42.0.13,51341.0,10.42.0.28,80.0,TCP,54,51385  >  80 [ACK] Seq=1 Ack=1 Win=65535 Len=0,0.00432
4449,1141421.095452,10.42.0.49,52432.0,10.42.0.13,50505.0,TCP,54,"52432  >  50505 [FIN, ACK] Seq=1781 Ack=497 Win=5344 Len=0",0.000248
4450,1147178.908088,10.42.0.49,52432.0,10.42.0.13,50705.0,TCP,54,52432  >  50870 [ACK] Seq=1 Ack=163 Win=5678 Len=0,0.002314
4451,1160306.689465,10.42.0.49,5353.0,10.42.0.13,5353.0,MDNS,174,"Standard query response 0x0000 TXT MSS210-9f39._hap._tcp.local, ""QU"" question TXT",0.002253
4452,237087.084294,10.42.0.13,51157.0,10.42.0.28,80.0,TCP,54,51152  >  80 [ACK] Seq=1 Ack=1 Win=65535 Len=0,0.004255
4453,1166231.770392,10.42.0.49,61395.0,99.81.71.200,443.0,TLSv1.2,123,Application Data,17.79969
4454,1158388.628934,10.42.0.49,61395.0,99.81.71.200,443.0,TLSv1.2,539,Application Data,0.101784
4455,373203.491121,10.42.0.13,5353.0,10.42.0.49,5353.0,MDNS,87,"Standard query 0x0000 TXT MSS210-9f39._hap._tcp.local, ""QU"" question",0.000231
4456,1132277.377013,10.42.0.49,61395.0,99.81.71.200,443.0,TLSv1.2,123,Application Data,12.21996
4457,350431.853413,10.42.0.13,61717.0,10.42.0.28,80.0,TCP,54,51387  >  80 [ACK] Seq=483 Ack=103 Win=65535 Len=0,0.000283
4458,1151296.084691,10.42.0.49,5353.0,10.42.0.13,5353.0,MDNS,174,"Standard query response 0x0000 TXT MSS210-9f39._hap._tcp.local, ""QU"" question TXT",0.000245
4459,354100.468762,10.42.0.13,51392.0,10.42.0.28,80.0,TCP,54,51352  >  80 [ACK] Seq=483 Ack=103 Win=65535 Len=0,0.000108
4460,1174736.992297,10.42.0.13,50862.0,10.42.0.49,52432.0,TCP,54,50825  >  52432 [ACK] Seq=163 Ack=221 Win=65535 Len=0,0.000164
4461,1161677.413031,10.42.0.49,5353.0,10.42.0.13,5353.0,MDNS,174,"Standard query response 0x0000 TXT MSS210-9f39._hap._tcp.local, ""QU"" question TXT",0.002556
4462,255907.265646,10.42.0.13,52777.0,10.42.0.28,80.0,TCP,54,52742  >  80 [ACK] Seq=482 Ack=102 Win=65535 Len=0,0.002883
4463,1167077.603082,10.42.0.49,52432.0,10.42.0.13,50705.0,TCP,54,52432  >  50834 [ACK] Seq=1 Ack=163 Win=5678 Len=0,0.000104
4464,1156830.788999,10.42.0.13,50526.0,10.42.0.49,52432.0,TCP,54,50591  >  52432 [ACK] Seq=497 Ack=1782 Win=65535 Len=0,0.004238
4465,377638.442039,10.42.0.49,5353.0,10.42.0.13,5353.0,MDNS,174,"Standard query response 0x0000 TXT MSS210-9f39._hap._tcp.local, ""QU"" question TXT",0.000483
4466,416844.08088,10.42.0.49,52432.0,10.42.0.13,62372.0,TCP,54,52432  >  62389 [ACK] Seq=1 Ack=163 Win=5678 Len=0,0.003996
4467,410997.07644,10.42.0.13,51750.0,10.42.0.28,80.0,TCP,54,51707  >  80 [ACK] Seq=483 Ack=103 Win=65535 Len=0,0.000124
4468,375715.497594,10.42.0.49,5353.0,10.42.0.13,5353.0,MDNS,174,"Standard query response 0x0000 TXT MSS210-9f39._hap._tcp.local, ""QU"" question TXT",0.010937
4469,1162453.629463,10.42.0.49,52432.0,10.42.0.13,50569.0,TCP,54,52432  >  50506 [ACK] Seq=1781 Ack=497 Win=5344 Len=0,0.002585
4470,351015.310625,10.42.0.13,51381.0,10.42.0.28,80.0,TCP,54,51381  >  80 [ACK] Seq=1 Ack=1 Win=65535 Len=0,0.000109
4471,1174177.858532,10.42.0.13,50855.0,10.42.0.49,52432.0,TCP,54,50555  >  52432 [ACK] Seq=496 Ack=1781 Win=65535 Len=0,0.000159
4472,1151213.680382,10.42.0.49,52432.0,10.42.0.13,50555.0,TCP,54,"52432  >  50535 [FIN, ACK] Seq=1781 Ack=497 Win=5344 Len=0",0.000117
4473,1183625.480415,10.42.0.49,61395.0,99.81.71.200,443.0,TCP,54,61395  >  443 [ACK] Seq=25042 Ack=170510 Win=4584 Len=0,0.122298
4474,1131611.03421,10.42.0.49,52432.0,10.42.0.13,50340.0,TCP,54,52432  >  50410 [ACK] Seq=1 Ack=163 Win=5678 Len=0,0.003986
4475,1183872.594031,10.42.0.49,61395.0,99.81.71.200,443.0,TLSv1.2,539,Application Data,0.138147
4476,1174531.555462,10.42.0.49,5353.0,10.42.0.13,5353.0,MDNS,270,"Standard query response 0x0000 PTR _hap._tcp.local, ""QU"" question PTR MSS210-9f39._hap._tcp.local SRV 0 0 52432 Meross_Smart_Pl",
4477,1149075.415829,10.42.0.13,50526.0,10.42.0.49,52432.0,TCP,54,50551  >  52432 [ACK] Seq=496 Ack=1344 Win=65535 Len=0,0.000116
4478,1147180.738685,10.42.0.49,52432.0,10.42.0.13,50548.0,HTTP,1096,Continuation,0.007016
4479,376205.899096,10.42.0.49,5353.0,10.42.0.13,5353.0,MDNS,174,"Standard query response 0x0000 TXT MSS210-9f39._hap._tcp.local, ""QU"" question TXT",0.005056
4480,1174785.668726,10.42.0.13,50852.0,10.42.0.49,52432.0,TCP,54,50855  >  52432 [ACK] Seq=496 Ack=1781 Win=65535 Len=0,0.007569
4481,315228.133388,10.42.0.28,55987.0,52.212.130.239,443.0,TLSv1.2,123,Application Data,0.000056
4482,238903.85979,10.42.0.49,52432.0,10.42.0.13,59375.0,TCP,54,52432  >  59821 [ACK] Seq=1781 Ack=497 Win=5344 Len=0,0.002258
4483,1154173.140355,10.42.0.49,52432.0,10.42.0.13,50505.0,HTTP,135,HTTP/1.1 200 OK  (application/pairing+tlv8),0.044791
4484,1176218.540019,10.42.0.49,52432.0,10.42.0.13,50855.0,TCP,54,52432  >  50505 [ACK] Seq=1781 Ack=497 Win=5344 Len=0,0.000733
4485,418617.787664,10.42.0.13,61007.0,10.42.0.28,80.0,TCP,54,61000  >  80 [ACK] Seq=1 Ack=1 Win=65535 Len=0,0.004958
4486,1141820.783065,10.42.0.49,52432.0,10.42.0.13,50533.0,HTTP,135,HTTP/1.1 200 OK  (application/pairing+tlv8),0.045055
4487,1174269.820379,10.42.0.49,52432.0,10.42.0.13,50894.0,HTTP,1096,Continuation,0.006734
4488,1145874.793685,10.42.0.49,61395.0,99.81.71.200,443.0,TLSv1.2,123,Application Data,1.100536
4489,235924.276548,10.42.0.13,59801.0,10.42.0.49,52432.0,TCP,54,59481  >  52432 [ACK] Seq=496 Ack=1781 Win=65535 Len=0,0.005293
4490,355631.14359,10.42.0.13,61872.0,10.42.0.49,52432.0,TCP,54,61876  >  52432 [ACK] Seq=414 Ack=302 Win=65535 Len=0,0.000125
4491,1158250.477081,10.42.0.13,50948.0,10.42.0.49,52432.0,TCP,54,50545  >  52432 [ACK] Seq=496 Ack=1344 Win=65535 Len=0,0.003183
4492,351024.512111,10.42.0.13,51353.0,10.42.0.28,80.0,TCP,54,51371  >  80 [ACK] Seq=1 Ack=1 Win=65535 Len=0,0.00012
4493,1156939.64222,10.42.0.49,52432.0,10.42.0.13,50549.0,TCP,54,"52432  >  50541 [FIN, ACK] Seq=1781 Ack=497 Win=5344 Len=0",0.007757
4494,1136729.029997,10.42.0.13,50750.0,10.42.0.49,52432.0,TCP,54,50750  >  52432 [ACK] Seq=496 Ack=1781 Win=65535 Len=0,0.000115
4495,1154786.091537,10.42.0.49,52432.0,10.42.0.13,50535.0,TCP,54,52432  >  50532 [ACK] Seq=1 Ack=163 Win=5678 Len=0,0.101962
4496,351024.859053,10.42.0.13,51382.0,10.42.0.28,80.0,TCP,54,51341  >  80 [ACK] Seq=1 Ack=1 Win=65535 Len=0,0.00405
4497,1163937.489038,10.42.0.49,61395.0,99.81.71.200,443.0,TLSv1.2,539,Application Data,0.160577
4498,1170584.560561,10.42.0.49,5353.0,10.42.0.13,5353.0,MDNS,270,"Standard query response 0x0000 PTR _hap._tcp.local, ""QU"" question PTR MSS210-9f39._hap._tcp.local SRV 0 0 52432 Meross_Smart_Pl",
4499,1170581.440528,10.42.0.49,52432.0,10.42.0.13,50578.0,TCP,54,52432  >  50548 [ACK] Seq=1 Ack=163 Win=5678 Len=0,0.002339
4500,351015.349122,10.42.0.28,80.0,10.42.0.13,51349.0,TCP,54,80  >  51368 [ACK] Seq=1 Ack=483 Win=2438 Len=0,0.002519
4501,353509.64139,10.42.0.13,61820.0,10.42.0.49,52432.0,TCP,54,61808  >  52432 [ACK] Seq=497 Ack=1782 Win=65535 Len=0,0.003258
4502,1132277.484287,10.42.0.13,50328.0,10.42.0.49,52432.0,TCP,54,50327  >  52432 [ACK] Seq=496 Ack=1781 Win=65535 Len=0,0.003327
4503,1165690.529063,10.42.0.49,52432.0,10.42.0.13,50563.0,TCP,54,[TCP Keep-Alive ACK] 52432  >  50572 [ACK] Seq=1781 Ack=496 Win=5345 Len=0,0.00
4504,351019.647366,10.42.0.13,51387.0,10.42.0.28,80.0,TCP,54,51383  >  80 [ACK] Seq=483 Ack=103 Win=65535 Len=0,0.000105
4505,351063.891273,10.42.0.49,5353.0,10.42.0.13,5353.0,MDNS,174,"Standard query response 0x0000 TXT MSS210-9f39._hap._tcp.local, ""QU"" question TXT",0.009998
4506,351024.543038,10.42.0.13,51382.0,10.42.0.28,80.0,TCP,54,51382  >  80 [ACK] Seq=483 Ack=103 Win=65535 Len=0,0.000108
4507,1132277.703266,10.42.0.49,61395.0,99.81.71.200,443.0,TLSv1.2,539,Application Data,0.02581
4508,1132277.587393,10.42.0.13,50323.0,10.42.0.49,52432.0,TCP,54,50320  >  52432 [ACK] Seq=496 Ack=1781 Win=65535 Len=0,0.006556
4509,1164178.434238,10.42.0.49,52432.0,10.42.0.13,50535.0,TCP,54,52432  >  50532 [ACK] Seq=1 Ack=163 Win=5678 Len=0,0.003234
4510,1175414.960894,10.42.0.49,52432.0,10.42.0.13,50524.0,TCP,54,52432  >  50548 [ACK] Seq=1 Ack=163 Win=5678 Len=0,0.116848
4511,354107.367749,10.42.0.13,61888.0,10.42.0.49,52432.0,TCP,54,61878  >  52432 [ACK] Seq=496 Ack=1781 Win=65535 Len=0,0.005956
4512,1154551.444282,10.42.0.49,5353.0,10.42.0.13,5353.0,MDNS,174,"Standard query response 0x0000 TXT MSS210-9f39._hap._tcp.local, ""QU"" question TXT",0.000586
4513,1155570.075287,10.42.0.49,52432.0,10.42.0.13,50575.0,TCP,54,52432  >  50575 [ACK] Seq=1781 Ack=497 Win=5344 Len=0,0.000257
4514,1163960.380982,10.42.0.13,50342.0,10.42.0.49,52432.0,TCP,54,50404  >  52432 [ACK] Seq=496 Ack=1781 Win=65535 Len=0,0.002699
4515,246304.405924,10.42.0.13,59432.0,10.42.0.49,52432.0,TCP,54,59484  >  52432 [ACK] Seq=496 Ack=1344 Win=65535 Len=0,0.007887
4516,1152631.78641,10.42.0.13,50557.0,10.42.0.49,52432.0,TCP,54,50557  >  52432 [ACK] Seq=414 Ack=302 Win=65535 Len=0,0.004466
4517,254577.902857,10.42.0.13,52749.0,10.42.0.28,80.0,TCP,54,52746  >  80 [ACK] Seq=482 Ack=103 Win=65535 Len=0,0.000111
4518,351019.056091,10.42.0.13,51387.0,10.42.0.28,80.0,TCP,54,51393  >  80 [ACK] Seq=1 Ack=1 Win=65535 Len=0,0.004619
4519,1164564.82602,10.42.0.49,61395.0,99.81.71.200,443.0,TCP,54,61395  >  443 [ACK] Seq=20202 Ack=141397 Win=5111 Len=0,0.154537
4520,373203.802835,10.42.0.13,50388.0,10.42.0.49,52432.0,TCP,54,59328  >  52432 [ACK] Seq=497 Ack=1782 Win=65535 Len=0,0.002292
4521,351019.418396,10.42.0.13,51381.0,10.42.0.28,80.0,TCP,54,51381  >  80 [ACK] Seq=514 Ack=104 Win=65535 Len=0,0.000116
4522,1164780.421133,10.42.0.49,52432.0,10.42.0.13,50494.0,TCP,54,52432  >  50494 [ACK] Seq=1 Ack=163 Win=5678 Len=0,0.002899
4523,1132277.587549,10.42.0.13,50552.0,10.42.0.49,52432.0,TCP,54,50559  >  52432 [ACK] Seq=163 Ack=221 Win=65535 Len=0,0.003315
4524,351007.61485,10.42.0.28,80.0,10.42.0.13,51389.0,TCP,58,"80  >  51365 [SYN, ACK] Seq=0 Ack=1 Win=2920 Len=0 MSS=1460",0.000107
4525,321277.488854,10.42.0.13,50130.0,10.42.0.28,80.0,TCP,54,50134  >  80 [ACK] Seq=1 Ack=1 Win=65535 Len=0,0.003343
4526,351019.689125,10.42.0.28,80.0,10.42.0.13,51348.0,TCP,54,80  >  51365 [ACK] Seq=1 Ack=483 Win=2438 Len=0,0.002507
4527,362316.903894,10.42.0.13,61871.0,10.42.0.49,52432.0,TCP,54,61871  >  52432 [ACK] Seq=497 Ack=1782 Win=65535 Len=0,0.000117
4528,419371.086458,10.42.0.49,5353.0,10.42.0.13,5353.0,MDNS,174,"Standard query response 0x0000 TXT MSS210-9f39._hap._tcp.local, ""QU"" question TXT",0.000692
4529,1147607.828435,10.42.0.49,5353.0,10.42.0.13,5353.0,MDNS,174,"Standard query response 0x0000 TXT MSS210-9f39._hap._tcp.local, ""QU"" question TXT",0.004051
4530,355633.611065,10.42.0.49,52432.0,10.42.0.13,61827.0,HTTP,135,HTTP/1.1 200 OK  (application/pairing+tlv8),0.046126
4531,351002.315063,10.42.0.28,80.0,10.42.0.13,51363.0,TCP,54,80  >  51351 [ACK] Seq=1 Ack=483 Win=2438 Len=0,0.002133
4532,1178007.193219,10.42.0.49,52432.0,10.42.0.13,50889.0,TCP,54,52432  >  50868 [ACK] Seq=1 Ack=163 Win=5678 Len=0,0.102474
4533,1166907.77777,10.42.0.49,61395.0,99.81.71.200,443.0,TLSv1.2,555,Application Data,0.101417
4534,1166946.249391,10.42.0.49,5353.0,10.42.0.13,5353.0,MDNS,174,"Standard query response 0x0000 TXT MSS210-9f39._hap._tcp.local, ""QU"" question TXT",0.009466
4535,1166729.600395,10.42.0.49,61395.0,99.81.71.200,443.0,TLSv1.2,539,Application Data,0.032281
4536,351015.436313,10.42.0.28,80.0,10.42.0.13,51383.0,TCP,58,"80  >  51383 [SYN, ACK] Seq=0 Ack=1 Win=2920 Len=0 MSS=1460",0.000105
4537,353509.128211,10.42.0.28,80.0,10.42.0.13,51380.0,TCP,54,80  >  51383 [ACK] Seq=1 Ack=483 Win=2438 Len=0,0.002238
4538,1161448.43672,10.42.0.49,5353.0,10.42.0.13,5353.0,MDNS,174,"Standard query response 0x0000 TXT MSS210-9f39._hap._tcp.local, ""QU"" question TXT",0.008027
4539,1151293.708979,10.42.0.49,52432.0,10.42.0.13,50553.0,TCP,54,[TCP Keep-Alive ACK] 52432  >  50572 [ACK] Seq=1781 Ack=496 Win=5345 Len=0,0.00
4540,373208.190162,10.42.0.13,59493.0,10.42.0.49,80.0,TCP,54,59434  >  80 [ACK] Seq=483 Ack=102 Win=65535 Len=0,0.000116
4541,1132277.663113,10.42.0.49,61395.0,99.81.71.200,443.0,TCP,54,61395  >  443 [ACK] Seq=27656 Ack=26697 Win=4579 Len=0,0.171241
4542,1174277.868129,10.42.0.49,61395.0,99.81.71.200,443.0,TLSv1.2,555,Application Data,0.106023
4543,1176231.788643,10.42.0.49,52432.0,10.42.0.13,50856.0,TCP,54,52432  >  50868 [ACK] Seq=1781 Ack=497 Win=5344 Len=0,0.000232
4544,233044.730338,10.42.0.13,50718.0,10.42.0.49,80.0,TCP,54,50707  >  80 [ACK] Seq=483 Ack=552 Win=65535 Len=0,0.000105
4545,422072.540565,10.42.0.13,62602.0,10.42.0.49,52432.0,TCP,54,62602  >  52432 [ACK] Seq=496 Ack=1781 Win=65535 Len=0,0.004735
4546,1171111.562963,10.42.0.49,52432.0,10.42.0.13,50755.0,TCP,54,52432  >  50532 [ACK] Seq=1 Ack=163 Win=5678 Len=0,0.104563
4547,1147456.440965,10.42.0.49,61395.0,99.81.71.200,443.0,TLSv1.2,555,Application Data,0.093472
4548,350498.402699,10.42.0.13,51387.0,10.42.0.28,80.0,TCP,54,51387  >  80 [ACK] Seq=483 Ack=103 Win=65535 Len=0,0.000105
4549,351024.85549,10.42.0.13,51353.0,10.42.0.28,80.0,TCP,54,51353  >  80 [ACK] Seq=1 Ack=1 Win=65535 Len=0,0.002109
4550,351019.440732,10.42.0.28,80.0,10.42.0.13,51367.0,TCP,54,80  >  51383 [ACK] Seq=1 Ack=483 Win=2438 Len=0,0.001133
4551,1132277.48001,10.42.0.13,50349.0,10.42.0.49,52432.0,TCP,54,50859  >  52432 [ACK] Seq=496 Ack=1344 Win=65535 Len=0,0.003174
4552,1178007.697745,10.42.0.13,5353.0,10.42.0.49,5353.0,MDNS,87,"Standard query 0x0000 TXT MSS210-9f39._hap._tcp.local, ""QU"" question",0.001073
4553,316032.041228,10.42.0.13,59493.0,10.42.0.49,80.0,TCP,54,59436  >  80 [ACK] Seq=583 Ack=103 Win=65535 Len=0,0.000105
4554,360433.634351,10.42.0.49,52432.0,10.42.0.13,61872.0,TCP,54,52432  >  61836 [ACK] Seq=1 Ack=163 Win=5678 Len=0,0.120117
4555,1177745.518192,10.42.0.49,52432.0,10.42.0.13,50855.0,HTTP,1096,Continuation,0.006733
4556,351001.116919,10.42.0.28,80.0,10.42.0.13,51368.0,TCP,58,"80  >  51351 [SYN, ACK] Seq=0 Ack=1 Win=2920 Len=0 MSS=1460",0.000117
4557,366236.65872,10.42.0.49,52432.0,10.42.0.13,61993.0,TCP,54,52432  >  61993 [ACK] Seq=1 Ack=163 Win=5678 Len=0,0.000137
4558,1156939.661967,10.42.0.49,52432.0,10.42.0.13,50761.0,HTTP,135,HTTP/1.1 200 OK  (application/pairing+tlv8),0.041019
4559,1171355.703165,10.42.0.49,5353.0,10.42.0.13,5353.0,MDNS,174,"Standard query response 0x0000 TXT MSS210-9f39._hap._tcp.local, ""QU"" question TXT",0.002552
4560,1178006.65825,10.42.0.49,61395.0,99.81.71.200,443.0,TLSv1.2,539,Application Data,0.093715
4561,1165692.029212,10.42.0.49,52432.0,10.42.0.13,50599.0,TCP,54,52432  >  50532 [ACK] Seq=1 Ack=163 Win=5678 Len=0,0.102597
4562,1176739.413333,10.42.0.49,52432.0,10.42.0.13,50322.0,HTTP,135,HTTP/1.1 200 OK  (application/pairing+tlv8),0.043034
4563,360014.326526,10.42.0.13,61877.0,10.42.0.49,52432.0,TCP,54,61877  >  52432 [ACK] Seq=497 Ack=1782 Win=65535 Len=0,0.003317
4564,1181202.487299,10.42.0.49,61395.0,99.81.71.200,443.0,TLSv1.2,555,Application Data,0.010183
4565,419374.680146,10.42.0.13,62592.0,10.42.0.49,52432.0,TCP,54,62525  >  52432 [ACK] Seq=496 Ack=1781 Win=65535 Len=0,0.003679
4566,247002.626098,10.42.0.13,59432.0,10.42.0.49,52432.0,TCP,54,59492  >  52432 [ACK] Seq=496 Ack=1781 Win=65535 Len=0,0.000155
4567,1162325.503887,10.42.0.13,50563.0,10.42.0.49,52432.0,TCP,54,50551  >  52432 [ACK] Seq=414 Ack=302 Win=65535 Len=0,0.000111
4568,412257.98307,10.42.0.49,61389.0,54.216.1.110,443.0,TCP,54,61389  >  443 [ACK] Seq=128922 Ack=1139 Win=5849 Len=0,0.150128
4569,361963.059425,10.42.0.49,61388.0,54.216.1.110,443.0,TLSv1.2,555,Application Data,0.108222
4570,1132276.655638,10.42.0.49,61395.0,99.81.71.200,443.0,TCP,54,61395  >  443 [ACK] Seq=25978 Ack=179249 Win=5240 Len=0,0.059525
4571,351015.662892,10.42.0.13,51387.0,10.42.0.28,80.0,TCP,54,51386  >  80 [ACK] Seq=483 Ack=103 Win=65535 Len=0,0.000105
4572,1132280.994843,10.42.0.13,50392.0,10.42.0.49,52432.0,TCP,54,50391  >  52432 [ACK] Seq=497 Ack=1782 Win=65535 Len=0,0.002222
4573,1170555.290632,10.42.0.49,5353.0,10.42.0.13,5353.0,MDNS,174,"Standard query response 0x0000 TXT MSS210-9f39._hap._tcp.local, ""QU"" question TXT",0.000115
4574,1138203.990653,10.42.0.13,50394.0,10.42.0.49,52432.0,TCP,54,50393  >  52432 [ACK] Seq=496 Ack=1781 Win=65535 Len=0,0.003953
4575,1176292.889858,10.42.0.13,50912.0,10.42.0.49,52432.0,TCP,54,50959  >  52432 [ACK] Seq=496 Ack=1781 Win=65535 Len=0,0.003956
4576,1178003.048965,10.42.0.49,61395.0,99.81.71.200,443.0,TLSv1.2,555,Application Data,0.100941
4577,1132277.329085,10.42.0.49,61395.0,99.81.71.200,443.0,TLSv1.2,539,Application Data,0.007952
4578,1132277.270999,10.42.0.49,61395.0,99.81.71.200,443.0,TLSv1.2,539,Application Data,0.036028
4579,1138577.575011,10.42.0.49,5353.0,10.42.0.13,5353.0,MDNS,270,"Standard query response 0x0000 PTR _hap._tcp.local, ""QU"" question PTR MSS210-9f39._hap._tcp.local SRV 0 0 52432 Meross_Smart_Pl",
4580,264545.697696,10.42.0.49,52432.0,10.42.0.13,59827.0,HTTP,135,HTTP/1.1 200 OK  (application/pairing+tlv8),0.047094
4581,238903.36915,10.42.0.13,51170.0,10.42.0.28,80.0,TCP,54,51150  >  80 [ACK] Seq=482 Ack=102 Win=65535 Len=0,0.001011
4582,375108.90107,10.42.0.49,5353.0,10.42.0.13,5353.0,MDNS,174,"Standard query response 0x0000 TXT MSS210-9f39._hap._tcp.local, ""QU"" question TXT",0.000593
4583,1152909.650898,10.42.0.49,61395.0,99.81.71.200,443.0,TLSv1.2,123,Application Data,37.60814
4584,1132277.246452,10.42.0.49,61395.0,99.81.71.200,443.0,TLSv1.2,123,Application Data,1.237423
4585,1164531.470924,10.42.0.49,52432.0,10.42.0.13,50491.0,TCP,54,52432  >  50505 [ACK] Seq=1781 Ack=497 Win=5344 Len=0,0.000145
4586,1160727.413355,10.42.0.49,52432.0,10.42.0.13,50533.0,HTTP,135,HTTP/1.1 200 OK  (application/pairing+tlv8),0.041017
4587,1144423.183989,10.42.0.49,52432.0,10.42.0.13,50494.0,TCP,54,52432  >  50494 [ACK] Seq=1 Ack=163 Win=5678 Len=0,0.113566
4588,319001.91663,10.42.0.49,5353.0,10.42.0.13,5353.0,MDNS,174,"Standard query response 0x0000 TXT MSS210-9f39._hap._tcp.local, ""QU"" question TXT",0.010739
4589,1155558.106651,10.42.0.49,52432.0,10.42.0.13,50575.0,HTTP,135,HTTP/1.1 200 OK  (application/pairing+tlv8),0.043107
4590,1164723.898441,10.42.0.49,52432.0,10.42.0.13,50492.0,TCP,54,52432  >  50494 [ACK] Seq=1 Ack=163 Win=5678 Len=0,0.002291
4591,1156069.234625,10.42.0.49,52432.0,10.42.0.13,50535.0,HTTP,274,HTTP/1.1 200 OK  (application/pairing+tlv8),0.042287
4592,355631.185221,10.42.0.13,61838.0,10.42.0.49,52432.0,TCP,54,61881  >  52432 [ACK] Seq=496 Ack=1781 Win=65535 Len=0,0.000243
4593,1151203.633382,10.42.0.13,50393.0,10.42.0.49,52432.0,TCP,54,50391  >  52432 [ACK] Seq=497 Ack=1782 Win=65535 Len=0,0.000105
4594,1132277.963066,10.42.0.49,61395.0,99.81.71.200,443.0,TLSv1.2,539,Application Data,0.122596
4595,416844.61939,10.42.0.13,62592.0,10.42.0.49,52432.0,TCP,54,62489  >  52432 [ACK] Seq=497 Ack=1782 Win=65535 Len=0,0.001479
4596,419267.217749,10.42.0.49,52432.0,10.42.0.13,62554.0,TCP,54,"52432  >  62548 [FIN, ACK] Seq=1781 Ack=497 Win=5344 Len=0",0.004494
4597,1175583.640627,10.42.0.49,61395.0,99.81.71.200,443.0,TLSv1.2,555,Application Data,0.106854
4598,351024.902027,10.42.0.28,80.0,10.42.0.13,51378.0,TCP,54,80  >  51347 [ACK] Seq=1 Ack=483 Win=2438 Len=0,0.001023
4599,1149073.557814,10.42.0.49,61395.0,99.81.71.200,443.0,TLSv1.2,555,Application Data,0.039546
4600,1171119.329781,10.42.0.13,50855.0,10.42.0.49,52432.0,TCP,54,50551  >  52432 [ACK] Seq=496 Ack=1344 Win=65535 Len=0,0.006087
4601,372085.131162,10.42.0.13,61965.0,10.42.0.49,52432.0,TCP,54,61871  >  52432 [ACK] Seq=496 Ack=1781 Win=65535 Len=0,0.004727
4602,1174177.923798,10.42.0.49,52432.0,10.42.0.13,50856.0,HTTP,135,HTTP/1.1 200 OK  (application/pairing+tlv8),0.045137
4603,1164669.636026,10.42.0.49,52432.0,10.42.0.13,50702.0,HTTP,135,HTTP/1.1 200 OK  (application/pairing+tlv8),0.045494
4604,1132277.587581,10.42.0.13,50319.0,10.42.0.49,52432.0,TCP,54,50313  >  52432 [ACK] Seq=496 Ack=1344 Win=65535 Len=0,0.003976
4605,351019.124596,10.42.0.28,80.0,10.42.0.13,51365.0,TCP,58,"80  >  51350 [SYN, ACK] Seq=0 Ack=1 Win=2920 Len=0 MSS=1460",0.001253
4606,1154531.969374,10.42.0.49,52432.0,10.42.0.13,50541.0,HTTP,274,HTTP/1.1 200 OK  (application/pairing+tlv8),0.049872
4607,1134477.414056,10.42.0.49,52432.0,10.42.0.13,50505.0,HTTP,491,Continuation,0.000945
4608,355631.60619,10.42.0.49,52432.0,10.42.0.13,61875.0,HTTP,135,HTTP/1.1 200 OK  (application/pairing+tlv8),0.044458
4609,410992.083268,10.42.0.49,52432.0,10.42.0.13,62404.0,TCP,54,"52432  >  62484 [FIN, ACK] Seq=1781 Ack=497 Win=5344 Len=0",0.001226
4610,1152735.993339,10.42.0.49,52432.0,10.42.0.13,50581.0,TCP,54,52432  >  50368 [ACK] Seq=1 Ack=163 Win=5678 Len=0,0.001846
4611,1132277.327871,10.42.0.13,50328.0,10.42.0.49,52432.0,TCP,54,50327  >  52432 [ACK] Seq=1 Ack=1 Win=65535 Len=0,0.004532
4612,1154194.361582,10.42.0.49,52432.0,10.42.0.13,50531.0,TCP,54,"52432  >  50505 [FIN, ACK] Seq=1781 Ack=497 Win=5344 Len=0",0.000117
4613,1132277.521964,10.42.0.13,50326.0,10.42.0.49,52432.0,TCP,54,50322  >  52432 [ACK] Seq=496 Ack=1781 Win=65535 Len=0,0.003338
4614,1148475.805467,10.42.0.49,5353.0,10.42.0.13,5353.0,MDNS,174,"Standard query response 0x0000 TXT MSS210-9f39._hap._tcp.local, ""QU"" question TXT",0.008036
4615,355631.626893,10.42.0.49,52432.0,10.42.0.13,61822.0,TCP,54,52432  >  61822 [ACK] Seq=1 Ack=163 Win=5678 Len=0,0.001964
4616,1182027.666096,10.42.0.49,5353.0,10.42.0.13,5353.0,MDNS,174,"Standard query response 0x0000 TXT MSS210-9f39._hap._tcp.local, ""QU"" question TXT",0.000252
4617,350983.120773,10.42.0.13,51383.0,10.42.0.28,80.0,TCP,54,51387  >  80 [ACK] Seq=482 Ack=103 Win=65535 Len=0,0.000111
4618,324418.905267,10.42.0.49,52432.0,10.42.0.13,60902.0,HTTP,1096,Continuation,0.00694
4619,1178006.715545,10.42.0.49,52432.0,10.42.0.13,50815.0,TCP,54,52432  >  50530 [ACK] Seq=1781 Ack=497 Win=5344 Len=0,0.000223
4620,1157129.700954,10.42.0.49,61395.0,99.81.71.200,443.0,TCP,54,61395  >  443 [ACK] Seq=15187 Ack=42199 Win=5702 Len=0,0.189477
4621,1174789.600735,10.42.0.49,5353.0,10.42.0.13,5353.0,MDNS,174,"Standard query response 0x0000 TXT MSS210-9f39._hap._tcp.local, ""QU"" question TXT",0.000247
4622,1158387.682885,10.42.0.49,61395.0,99.81.71.200,443.0,TLSv1.2,123,Application Data,0.036852
4623,233044.71923,10.42.0.49,52432.0,10.42.0.13,59470.0,TCP,54,52432  >  59475 [ACK] Seq=1781 Ack=497 Win=5344 Len=0,0.000117
4624,351008.025219,10.42.0.28,80.0,10.42.0.13,51341.0,TCP,54,80  >  51383 [ACK] Seq=1 Ack=483 Win=2438 Len=0,0.000165
4625,1162131.079227,10.42.0.49,61395.0,99.81.71.200,443.0,TLSv1.2,123,Application Data,1.237454
4626,351019.451084,10.42.0.28,80.0,10.42.0.13,51368.0,TCP,54,80  >  51364 [ACK] Seq=1 Ack=483 Win=2438 Len=0,0.002191
4627,351008.052152,10.42.0.28,80.0,10.42.0.13,51368.0,TCP,54,80  >  51385 [ACK] Seq=1 Ack=483 Win=2438 Len=0,0.000255
4628,1171111.546142,10.42.0.49,52432.0,10.42.0.13,50495.0,HTTP,1096,Continuation,0.006795
4629,1145687.630647,10.42.0.49,61395.0,99.81.71.200,443.0,TLSv1.2,539,Application Data,0.108642
4630,1178006.760485,10.42.0.13,5353.0,10.42.0.49,5353.0,MDNS,87,"Standard query 0x0000 TXT MSS210-9f39._hap._tcp.local, ""QU"" question",0.11235
4631,1132277.477855,10.42.0.49,61395.0,99.81.71.200,443.0,TLSv1.2,123,Application Data,1.236465
4632,234292.415249,10.42.0.13,50941.0,10.42.0.49,52432.0,TCP,54,59474  >  52432 [ACK] Seq=497 Ack=1782 Win=65535 Len=0,0.005511
4633,3741.02612,10.42.0.140,59870.0,10.42.0.28,80.0,TCP,54,59895  >  80 [ACK] Seq=483 Ack=248 Win=65535 Len=0,0.000106
4634,351024.303891,10.42.0.13,51387.0,10.42.0.28,80.0,TCP,54,51389  >  80 [ACK] Seq=483 Ack=103 Win=65535 Len=0,0.000105
4635,1182027.296099,10.42.0.13,5353.0,10.42.0.49,5353.0,MDNS,87,"Standard query 0x0000 TXT MSS210-9f39._hap._tcp.local, ""QU"" question",0.019423
4636,1138930.646398,10.42.0.49,61395.0,99.81.71.200,443.0,TLSv1.2,539,Application Data,0.134347
4637,420675.962062,10.42.0.49,5353.0,10.42.0.13,5353.0,MDNS,174,"Standard query response 0x0000 TXT MSS210-9f39._hap._tcp.local, ""QU"" question TXT",0.008962
4638,351008.490219,10.42.0.13,51349.0,10.42.0.28,80.0,TCP,54,51394  >  80 [ACK] Seq=1 Ack=1 Win=65535 Len=0,0.00401
4639,238903.764611,10.42.0.13,51062.0,10.42.0.28,80.0,TCP,54,51063  >  80 [ACK] Seq=483 Ack=103 Win=65535 Len=0,0.000111
4640,1174777.923322,10.42.0.49,61395.0,99.81.71.200,443.0,TLSv1.2,539,Application Data,0.090817
4641,375292.516493,10.42.0.49,52432.0,10.42.0.13,61874.0,TCP,54,52432  >  61878 [ACK] Seq=1781 Ack=497 Win=5344 Len=0,0.003248
4642,410997.053267,10.42.0.13,5353.0,10.42.0.49,5353.0,MDNS,87,"Standard query 0x0000 TXT MSS210-9f39._hap._tcp.local, ""QU"" question",0.000267
4643,1167121.789532,10.42.0.49,5353.0,10.42.0.13,5353.0,MDNS,174,"Standard query response 0x0000 TXT MSS210-9f39._hap._tcp.local, ""QU"" question TXT",0.000669
4644,1178000.561935,10.42.0.49,52432.0,10.42.0.13,50533.0,TCP,54,52432  >  50532 [ACK] Seq=1 Ack=163 Win=5678 Len=0,0.002147
4645,1170554.418538,10.42.0.49,5353.0,10.42.0.13,5353.0,MDNS,270,"Standard query response 0x0000 PTR _hap._tcp.local, ""QU"" question PTR MSS210-9f39._hap._tcp.local SRV 0 0 52432 Meross_Smart_Pl",
4646,361033.332985,10.42.0.49,52432.0,10.42.0.13,61992.0,TCP,54,52432  >  61870 [ACK] Seq=1781 Ack=497 Win=5344 Len=0,0.000178
4647,405084.437353,10.42.0.13,51464.0,10.42.0.28,80.0,TCP,54,51433  >  80 [ACK] Seq=515 Ack=104 Win=65535 Len=0,0.000109
4648,1132280.658731,10.42.0.49,5353.0,10.42.0.13,5353.0,MDNS,174,"Standard query response 0x0000 TXT MSS210-9f39._hap._tcp.local, ""QU"" question TXT",0.000236
4649,1170558.412416,10.42.0.49,52432.0,10.42.0.13,50570.0,HTTP,135,HTTP/1.1 200 OK  (application/pairing+tlv8),0.044629
4650,1174786.635282,10.42.0.49,52432.0,10.42.0.13,50828.0,HTTP,491,Continuation,0.006852
4651,356841.190246,10.42.0.49,5353.0,10.42.0.13,5353.0,MDNS,174,"Standard query response 0x0000 TXT MSS210-9f39._hap._tcp.local, ""QU"" question TXT",0.001018
4652,1153404.037795,10.42.0.49,52432.0,10.42.0.13,50533.0,TCP,54,52432  >  50532 [ACK] Seq=1781 Ack=497 Win=5344 Len=0,0.002782
4653,1145607.065132,10.42.0.49,52432.0,10.42.0.13,50555.0,TCP,54,52432  >  50532 [ACK] Seq=1 Ack=163 Win=5678 Len=0,0.104346
4654,1175583.847577,10.42.0.13,50817.0,10.42.0.49,52432.0,TCP,54,50759  >  52432 [ACK] Seq=496 Ack=1781 Win=65535 Len=0,0.000138
4655,1153820.627644,10.42.0.49,61395.0,99.81.71.200,443.0,TCP,54,61395  >  443 [ACK] Seq=32256 Ack=15806 Win=5840 Len=0,0.031095
4656,1158250.570327,10.42.0.49,61395.0,99.81.71.200,443.0,TCP,54,61395  >  443 [ACK] Seq=12563 Ack=22168 Win=5849 Len=0,0.108395
4657,1144423.487042,10.42.0.13,50394.0,10.42.0.49,52432.0,TCP,54,50404  >  52432 [ACK] Seq=496 Ack=1781 Win=65535 Len=0,0.003559
4658,1144786.91332,10.42.0.49,5353.0,10.42.0.13,5353.0,MDNS,174,"Standard query response 0x0000 TXT MSS210-9f39._hap._tcp.local, ""QU"" question TXT",0.010594
4659,1142780.961854,10.42.0.49,61395.0,99.81.71.200,443.0,TLSv1.2,123,Application Data,1.250847
4660,1138451.564426,10.42.0.49,52432.0,10.42.0.13,50324.0,HTTP,135,HTTP/1.1 200 OK  (application/pairing+tlv8),0.044292
4661,1147034.604564,10.42.0.49,5353.0,224.0.0.251,5353.0,MDNS,291,"Standard query response 0x0000 TXT, cache flush SRV, cache flush 0 0 52432 Meross_Smart_Plug.local A, cache flush 10.42.0.49 AAA",
4662,410994.500965,10.42.0.13,51465.0,10.42.0.28,80.0,TCP,54,51496  >  80 [ACK] Seq=583 Ack=102 Win=65535 Len=0,0.000104
4663,1162449.461352,10.42.0.49,5353.0,10.42.0.13,5353.0,MDNS,174,"Standard query response 0x0000 TXT MSS210-9f39._hap._tcp.local, ""QU"" question TXT",0.000422
4664,1141423.212126,10.42.0.49,5353.0,10.42.0.13,5353.0,MDNS,174,"Standard query response 0x0000 TXT MSS210-9f39._hap._tcp.local, ""QU"" question TXT",0.000278
4665,351019.510692,10.42.0.13,51347.0,10.42.0.28,80.0,TCP,54,51385  >  80 [ACK] Seq=1 Ack=1 Win=65535 Len=0,0.001013
4666,1178006.546617,10.42.0.49,5353.0,10.42.0.13,5353.0,MDNS,174,"Standard query response 0x0000 TXT MSS210-9f39._hap._tcp.local, ""QU"" question TXT",0.000762
4667,405043.926916,10.42.0.13,51468.0,10.42.0.28,80.0,TCP,54,51434  >  80 [ACK] Seq=515 Ack=104 Win=65535 Len=0,0.000111
4668,351019.924698,10.42.0.13,51387.0,10.42.0.28,80.0,TCP,54,51393  >  80 [ACK] Seq=483 Ack=103 Win=65535 Len=0,0.000107
4669,1178007.485817,10.42.0.13,50814.0,10.42.0.49,52432.0,TCP,54,51064  >  52432 [ACK] Seq=496 Ack=1344 Win=65535 Len=0,0.007868
4670,1166730.714177,10.42.0.49,61395.0,99.81.71.200,443.0,TLSv1.2,555,Application Data,0.096081
4671,1164569.702662,10.42.0.49,61395.0,99.81.71.200,443.0,TLSv1.2,539,Application Data,0.053975
4672,373287.760014,10.42.0.49,5353.0,10.42.0.13,5353.0,MDNS,174,"Standard query response 0x0000 TXT MSS210-9f39._hap._tcp.local, ""QU"" question TXT",0.001169
4673,1134931.305549,10.42.0.49,52432.0,10.42.0.13,5053.0,MDNS,274,"Standard query response 0x0000 TXT, cache flush SRV, cache flush 0 0 52432 Meross_Smart_Plug.local A, cache flush 10.42.0.49 AAA",
4674,1175825.777872,10.42.0.49,52432.0,10.42.0.13,50899.0,TCP,54,52432  >  50857 [ACK] Seq=1781 Ack=497 Win=5344 Len=0,0.000118
4675,1162469.82222,10.42.0.49,52432.0,10.42.0.13,50912.0,TCP,54,52432  >  50992 [ACK] Seq=1781 Ack=497 Win=5344 Len=0,0.000243
4676,1174177.589126,10.42.0.49,52432.0,10.42.0.13,50812.0,TCP,54,52432  >  50505 [ACK] Seq=1781 Ack=497 Win=5344 Len=0,0.004649
4677,1142494.545172,10.42.0.49,52432.0,10.42.0.13,50505.0,TCP,54,52432  >  50554 [ACK] Seq=1781 Ack=497 Win=5344 Len=0,0.000167
4678,254698.515626,10.42.0.13,52788.0,10.42.0.49,52432.0,TCP,54,59827  >  52432 [ACK] Seq=496 Ack=1781 Win=65535 Len=0,0.003229
4679,1131328.68911,10.42.0.49,52432.0,10.42.0.13,50341.0,TCP,54,52432  >  50320 [ACK] Seq=1 Ack=163 Win=5678 Len=0,0.003116
4680,1132277.45255,10.42.0.13,50404.0,10.42.0.49,52432.0,TCP,54,50404  >  52432 [ACK] Seq=496 Ack=1781 Win=65535 Len=0,0.004739
4681,405047.055134,10.42.0.13,51449.0,10.42.0.28,80.0,TCP,54,51464  >  80 [ACK] Seq=515 Ack=104 Win=65535 Len=0,0.000106
4682,1161231.329151,10.42.0.49,52432.0,10.42.0.13,50320.0,HTTP,135,HTTP/1.1 200 OK  (application/pairing+tlv8),0.044268
4683,1158388.83879,10.42.0.49,61395.0,99.81.71.200,443.0,TLSv1.2,539,Application Data,0.107314
4684,422073.080322,10.42.0.49,52432.0,10.42.0.13,62611.0,TCP,54,52432  >  62619 [ACK] Seq=1781 Ack=497 Win=5344 Len=0,0.000118
4685,418617.912364,10.42.0.49,52432.0,10.42.0.13,62549.0,TCP,54,52432  >  62584 [ACK] Seq=1 Ack=163 Win=5678 Len=0,0.003121
4686,1176639.892226,10.42.0.13,50859.0,10.42.0.49,52432.0,TCP,54,50829  >  52432 [ACK] Seq=414 Ack=302 Win=65535 Len=0,0.000793
4687,1132277.705054,10.42.0.49,61395.0,99.81.71.200,443.0,TCP,54,61395  >  443 [ACK] Seq=325216 Ack=14002 Win=4451 Len=0,0.055951
4688,315228.805035,10.42.0.13,59426.0,10.42.0.28,80.0,TCP,54,59432  >  80 [ACK] Seq=1 Ack=1 Win=65535 Len=0,0.004639
4689,1166077.65852,10.42.0.49,61395.0,99.81.71.200,443.0,TLSv1.2,539,Application Data,0.090894
4690,1182027.777589,10.42.0.49,61395.0,99.81.71.200,443.0,TCP,54,61395  >  443 [ACK] Seq=105677 Ack=16999 Win=4520 Len=0,0.287319
4691,1174178.259722,10.42.0.49,52432.0,10.42.0.13,50895.0,TCP,54,52432  >  50868 [ACK] Seq=1781 Ack=497 Win=5344 Len=0,0.000233
4692,405036.253328,10.42.0.13,51428.0,10.42.0.28,80.0,TCP,54,51434  >  80 [ACK] Seq=483 Ack=103 Win=65535 Len=0,0.000105
4693,1158388.777675,10.42.0.13,50823.0,10.42.0.49,52432.0,TCP,54,50852  >  52432 [ACK] Seq=496 Ack=1781 Win=65535 Len=0,0.003165
4694,1132277.346741,10.42.0.13,50393.0,10.42.0.49,52432.0,TCP,54,50328  >  52432 [ACK] Seq=496 Ack=1344 Win=65535 Len=0,0.000463
4695,351019.320122,10.42.0.28,80.0,10.42.0.13,51364.0,TCP,58,"80  >  51366 [SYN, ACK] Seq=0 Ack=1 Win=2920 Len=0 MSS=1460",0.001119
4696,1171129.134049,10.42.0.49,52432.0,10.42.0.13,50409.0,TCP,54,52432  >  50491 [ACK] Seq=1 Ack=163 Win=5678 Len=0,0.003963
4697,350984.577897,10.42.0.49,52432.0,10.42.0.13,61881.0,TCP,54,52432  >  61871 [ACK] Seq=1781 Ack=497 Win=5344 Len=0,0.002913
4698,1175486.879572,10.42.0.49,52432.0,10.42.0.13,50885.0,TCP,54,52432  >  50554 [ACK] Seq=1781 Ack=497 Win=5344 Len=0,0.000798
4699,1167726.53522,10.42.0.13,50705.0,10.42.0.49,52432.0,TCP,54,50856  >  52432 [ACK] Seq=496 Ack=1781 Win=65535 Len=0,0.000195
4700,1132280.808731,10.42.0.49,5353.0,10.42.0.13,5353.0,MDNS,174,"Standard query response 0x0000 TXT MSS210-9f39._hap._tcp.local, ""QU"" question TXT",0.000267
4701,1164564.23617,10.42.0.49,52432.0,10.42.0.13,50725.0,TCP,54,52432  >  50505 [ACK] Seq=1781 Ack=497 Win=5344 Len=0,0.000165
4702,351024.58613,10.42.0.49,52432.0,10.42.0.13,61881.0,TCP,54,52432  >  61875 [ACK] Seq=1781 Ack=497 Win=5344 Len=0,0.002264
4703,1146351.654042,10.42.0.49,5353.0,224.0.0.251,5353.0,MDNS,305,"Standard query response 0x0000 PTR MSS210-9f39._hap._tcp.local SRV, cache flush 0 0 52432 Meross_Smart_Plug.local TXT, cache flush A",
4704,351064.01059,10.42.0.28,80.0,10.42.0.13,51387.0,TCP,58,"80  >  51351 [SYN, ACK] Seq=0 Ack=1 Win=2920 Len=0 MSS=1460",0.000111
4705,1178006.89898,10.42.0.49,61395.0,99.81.71.200,443.0,TLSv1.2,555,Application Data,0.098528
4706,1170519.535293,10.42.0.49,5353.0,10.42.0.13,5353.0,MDNS,174,"Standard query response 0x0000 TXT MSS210-9f39._hap._tcp.local, ""QU"" question TXT",0.004553
4707,1175070.476899,10.42.0.49,52432.0,10.42.0.13,50581.0,TCP,54,52432  >  50832 [ACK] Seq=1781 Ack=497 Win=5344 Len=0,0.000111
4708,350983.283894,10.42.0.13,51388.0,10.42.0.49,80.0,TCP,54,51388  >  80 [ACK] Seq=1 Ack=1 Win=65535 Len=0,0.004639
4709,1166076.707647,10.42.0.49,5353.0,10.42.0.13,5353.0,MDNS,174,"Standard query response 0x0000 TXT MSS210-9f39._hap._tcp.local, ""QU"" question TXT",0.000668
4710,351015.325433,10.42.0.13,51387.0,10.42.0.28,80.0,TCP,54,51373  >  80 [ACK] Seq=483 Ack=103 Win=65535 Len=0,0.000107
4711,1141861.806527,10.42.0.49,5353.0,10.42.0.13,5353.0,MDNS,174,"Standard query response 0x0000 TXT MSS210-9f39._hap._tcp.local, ""QU"" question TXT",0.000762
4712,373222.771938,10.42.0.49,52432.0,10.42.0.13,61995.0,TCP,54,52432  >  61989 [ACK] Seq=1781 Ack=497 Win=5344 Len=0,0.004688
4713,1132276.939931,10.42.0.49,61395.0,99.81.71.200,443.0,TLSv1.2,123,Application Data,1.453761
4714,422076.309103,10.42.0.13,62754.0,10.42.0.49,52432.0,TCP,54,62763  >  52432 [ACK] Seq=163 Ack=221 Win=65535 Len=0,0.001055
4715,1163078.61234,10.42.0.49,52432.0,10.42.0.13,50619.0,TCP,54,52432  >  50864 [ACK] Seq=1781 Ack=497 Win=5344 Len=0,0.000197
4716,351019.906652,10.42.0.13,51387.0,10.42.0.28,80.0,TCP,54,51370  >  80 [ACK] Seq=1 Ack=1 Win=65535 Len=0,0.000105
4717,1176214.585393,10.42.0.49,61395.0,99.81.71.200,443.0,TLSv1.2,123,Application Data,3.106745
4718,422073.419637,10.42.0.49,61389.0,54.216.1.110,443.0,TCP,54,61389  >  443 [ACK] Seq=125217 Ack=7972 Win=5849 Len=0,0.126774
4719,1150942.24055,10.42.0.49,52432.0,10.42.0.13,50575.0,TCP,54,"52432  >  50568 [FIN, ACK] Seq=1781 Ack=497 Win=5344 Len=0",0.005535
4720,1145927.028373,10.42.0.49,61395.0,99.81.71.200,443.0,TCP,54,61395  >  443 [ACK] Seq=14376 Ack=27990 Win=4511 Len=0,0.185587
4721,1132280.575752,10.42.0.13,65059.0,10.42.0.49,52432.0,TCP,54,50552  >  52432 [ACK] Seq=163 Ack=221 Win=65535 Len=0,0.003843
4722,1152260.706664,10.42.0.49,61395.0,99.81.71.200,443.0,TLSv1.2,539,Application Data,0.125832
4723,420267.019293,10.42.0.49,5353.0,10.42.0.13,5353.0,MDNS,174,"Standard query response 0x0000 TXT MSS210-9f39._hap._tcp.local, ""QU"" question TXT",0.004599
4724,356892.391231,10.42.0.49,5353.0,10.42.0.13,5353.0,MDNS,174,"Standard query response 0x0000 TXT MSS210-9f39._hap._tcp.local, ""QU"" question TXT",0.000245
4725,1152631.687063,10.42.0.49,5353.0,10.42.0.13,5353.0,MDNS,174,"Standard query response 0x0000 TXT MSS210-9f39._hap._tcp.local, ""QU"" question TXT",0.000362
4726,1171384.786337,10.42.0.49,52432.0,10.42.0.13,50317.0,TCP,54,52432  >  50362 [ACK] Seq=1 Ack=163 Win=5678 Len=0,0.005215
4727,1132277.552368,10.42.0.13,50329.0,10.42.0.28,80.0,TCP,54,65052  >  80 [ACK] Seq=482 Ack=103 Win=65535 Len=0,0.000132
4728,1178000.154547,10.42.0.49,52432.0,10.42.0.13,50547.0,TCP,54,52432  >  50524 [ACK] Seq=1 Ack=163 Win=5678 Len=0,0.002539
4729,351008.024765,10.42.0.13,51349.0,10.42.0.28,80.0,TCP,54,51353  >  80 [ACK] Seq=482 Ack=102 Win=65535 Len=0,0.000105
4730,1149547.90005,10.42.0.13,5353.0,10.42.0.49,5353.0,MDNS,87,"Standard query 0x0000 TXT MSS210-9f39._hap._tcp.local, ""QU"" question",0.122327
4731,351001.41979,10.42.0.13,51353.0,10.42.0.28,80.0,TCP,54,51393  >  80 [ACK] Seq=1 Ack=1 Win=65535 Len=0,0.000101
4732,1162163.072537,10.42.0.49,61395.0,99.81.71.200,443.0,TLSv1.2,539,Application Data,0.01076
4733,1132277.870755,10.42.0.49,61395.0,99.81.71.200,443.0,TLSv1.2,123,Application Data,10.13531
4734,1155350.263056,10.42.0.49,52432.0,10.42.0.13,50578.0,TCP,54,"52432  >  50532 [FIN, ACK] Seq=1781 Ack=497 Win=5344 Len=0",0.001017
4735,1175838.687457,10.42.0.49,52432.0,10.42.0.13,50828.0,TCP,54,52432  >  50870 [ACK] Seq=1 Ack=163 Win=5678 Len=0,0.002581
4736,356964.792383,10.42.0.49,5353.0,10.42.0.13,5353.0,MDNS,174,"Standard query response 0x0000 TXT MSS210-9f39._hap._tcp.local, ""QU"" question TXT",0.005245
4737,1166392.739229,10.42.0.49,52432.0,10.42.0.13,50320.0,TCP,54,52432  >  50324 [ACK] Seq=1 Ack=163 Win=5678 Len=0,0.002623
4738,1167323.623195,10.42.0.13,50408.0,10.42.0.49,52432.0,TCP,54,50406  >  52432 [ACK] Seq=496 Ack=1781 Win=65535 Len=0,0.003553
4739,1171119.329922,10.42.0.49,52432.0,10.42.0.13,50763.0,TCP,54,52432  >  50860 [ACK] Seq=1781 Ack=497 Win=5344 Len=0,0.001145
4740,1170639.54834,10.42.0.49,52432.0,10.42.0.13,50524.0,TCP,54,52432  >  50532 [ACK] Seq=1 Ack=163 Win=5678 Len=0,0.002859
4741,351019.05345,10.42.0.13,51353.0,10.42.0.28,80.0,TCP,54,51353  >  80 [ACK] Seq=1 Ack=1 Win=65535 Len=0,0.002117
4742,1132279.506531,10.42.0.49,61395.0,99.81.71.200,443.0,TLSv1.2,539,Application Data,0.001517
4743,1170355.664545,10.42.0.49,5353.0,10.42.0.13,5353.0,MDNS,174,"Standard query response 0x0000 TXT MSS210-9f39._hap._tcp.local, ""QU"" question TXT",0.001122
4744,423008.66425,10.42.0.49,52432.0,10.42.0.13,62904.0,TCP,54,52432  >  62002 [ACK] Seq=1 Ack=163 Win=5678 Len=0,0.259999
4745,1171137.087525,10.42.0.49,5353.0,10.42.0.13,5353.0,MDNS,174,"Standard query response 0x0000 TXT MSS210-9f39._hap._tcp.local, ""QU"" question TXT",0.010863
4746,1161717.390364,10.42.0.49,5353.0,10.42.0.13,5353.0,MDNS,174,"Standard query response 0x0000 TXT MSS210-9f39._hap._tcp.local, ""QU"" question TXT",0.010858
4747,241087.436527,10.42.0.49,5353.0,10.42.0.13,5353.0,MDNS,174,"Standard query response 0x0000 TXT MSS210-9f39._hap._tcp.local, ""QU"" question TXT",0.005633
4748,1132277.529152,10.42.0.13,50551.0,10.42.0.49,52432.0,TCP,54,50550  >  52432 [ACK] Seq=496 Ack=1781 Win=65535 Len=0,0.000232
4749,255907.012054,10.42.0.49,52432.0,10.42.0.13,59757.0,HTTP,135,HTTP/1.1 200 OK  (application/pairing+tlv8),0.042585
4750,1132277.588989,10.42.0.13,50911.0,10.42.0.49,52432.0,TCP,54,50959  >  52432 [ACK] Seq=163 Ack=221 Win=65535 Len=0,0.000101
4751,353509.434033,10.42.0.13,51436.0,10.42.0.28,80.0,TCP,54,51363  >  80 [ACK] Seq=515 Ack=1035 Win=65535 Len=0,0.000137
4752,351019.649827,10.42.0.28,80.0,10.42.0.13,51364.0,TCP,54,80  >  51363 [ACK] Seq=1 Ack=483 Win=2438 Len=0,0.002019
4753,320014.866127,10.42.0.13,60904.0,10.42.0.49,52432.0,TCP,54,60901  >  52432 [ACK] Seq=496 Ack=1781 Win=65535 Len=0,0.001645
4754,1156126.751134,10.42.0.49,61395.0,99.81.71.200,443.0,TLSv1.2,555,Application Data,0.101186
4755,1158209.064076,10.42.0.13,50551.0,10.42.0.49,52432.0,TCP,54,50551  >  52432 [ACK] Seq=496 Ack=1781 Win=65535 Len=0,0.003117
4756,1154531.435751,10.42.0.49,5353.0,10.42.0.13,5353.0,MDNS,174,"Standard query response 0x0000 TXT MSS210-9f39._hap._tcp.local, ""QU"" question TXT",0.001036
4757,1171345.455897,10.42.0.49,52432.0,10.42.0.13,50505.0,TCP,54,52432  >  50548 [ACK] Seq=1781 Ack=497 Win=5344 Len=0,0.000111
4758,1132280.657673,10.42.0.49,61395.0,99.81.71.200,443.0,TCP,54,61395  >  443 [ACK] Seq=32813 Ack=204319 Win=5840 Len=0,0.220186
4759,1132277.581714,10.42.0.13,50326.0,10.42.0.49,52432.0,TCP,54,50326  >  52432 [ACK] Seq=496 Ack=1781 Win=65535 Len=0,0.006553
4760,1174592.141072,10.42.0.49,52432.0,10.42.0.13,50575.0,TCP,54,52432  >  50505 [ACK] Seq=1781 Ack=497 Win=5344 Len=0,0.000235
4761,1166930.539229,10.42.0.49,61395.0,99.81.71.200,443.0,TLSv1.2,539,Application Data,0.15093
4762,1132277.565523,10.42.0.13,50404.0,10.42.0.49,52432.0,TCP,54,50404  >  52432 [ACK] Seq=496 Ack=1781 Win=65535 Len=0,0.006858
4763,316196.007978,10.42.0.49,61388.0,54.216.1.110,443.0,TLSv1.2,555,Application Data,0.100677
4764,1141478.059626,10.42.0.49,5353.0,10.42.0.13,5353.0,MDNS,174,"Standard query response 0x0000 TXT MSS210-9f39._hap._tcp.local, ""QU"" question TXT",0.001154
4765,235924.134889,10.42.0.13,59327.0,10.42.0.49,52432.0,TCP,54,59273  >  52432 [ACK] Seq=496 Ack=1781 Win=65535 Len=0,0.001126
4766,354663.006252,10.42.0.13,61844.0,10.42.0.49,52432.0,TCP,54,61836  >  52432 [ACK] Seq=496 Ack=1781 Win=65535 Len=0,0.003553
4767,1178007.458325,10.42.0.49,5353.0,10.42.0.13,5353.0,MDNS,270,"Standard query response 0x0000 PTR _hap._tcp.local, ""QU"" question PTR MSS210-9f39._hap._tcp.local SRV 0 0 52432 Meross_Smart_Pl",
4768,1176178.803461,10.42.0.49,52432.0,10.42.0.13,50894.0,TCP,54,52432  >  50832 [ACK] Seq=1 Ack=163 Win=5678 Len=0,0.104271
4769,255907.456278,10.42.0.13,52757.0,10.42.0.28,80.0,TCP,54,52727  >  80 [ACK] Seq=482 Ack=103 Win=65535 Len=0,0.000105
4770,1184789.560634,10.42.0.49,61395.0,99.81.71.200,443.0,TLSv1.2,539,Application Data,0.113538
4771,1145370.776637,10.42.0.49,52432.0,10.42.0.13,50570.0,TCP,54,52432  >  50532 [ACK] Seq=1 Ack=163 Win=5678 Len=0,0.006256
4772,1176179.460525,10.42.0.49,52432.0,10.42.0.13,50705.0,HTTP,491,Continuation,0.007079
4773,1162455.86282,10.42.0.49,61395.0,99.81.71.200,443.0,TLSv1.2,539,Application Data,0.092414
4774,1138202.655132,10.42.0.13,50393.0,10.42.0.49,52432.0,TCP,54,50326  >  52432 [ACK] Seq=496 Ack=1781 Win=65535 Len=0,0.003753
4775,255907.00225,10.42.0.13,52732.0,10.42.0.28,80.0,TCP,54,52743  >  80 [ACK] Seq=482 Ack=103 Win=65535 Len=0,0.000104
4776,351019.78868,10.42.0.49,52432.0,10.42.0.13,61823.0,TCP,54,52432  >  61871 [ACK] Seq=1 Ack=163 Win=5678 Len=0,0.202239
4777,320192.913221,10.42.0.13,50387.0,10.42.0.49,80.0,TCP,54,50371  >  80 [ACK] Seq=482 Ack=102 Win=65535 Len=0,0.000122
4778,351008.42329,10.42.0.28,80.0,10.42.0.13,51350.0,TCP,54,80  >  51387 [ACK] Seq=1 Ack=483 Win=2438 Len=0,0.002558
4779,242741.683833,10.42.0.13,59468.0,10.42.0.49,52432.0,TCP,54,59484  >  52432 [ACK] Seq=496 Ack=1344 Win=65535 Len=0,0.002093
4780,256234.577243,10.42.0.49,52432.0,10.42.0.13,59827.0,TCP,54,52432  >  59727 [ACK] Seq=1781 Ack=497 Win=5344 Len=0,0.000784
4781,1158384.389354,10.42.0.49,5353.0,10.42.0.13,5353.0,MDNS,174,"Standard query response 0x0000 TXT MSS210-9f39._hap._tcp.local, ""QU"" question TXT",0.000594
4782,1161249.530211,10.42.0.49,5353.0,10.42.0.13,5353.0,MDNS,174,"Standard query response 0x0000 TXT MSS210-9f39._hap._tcp.local, ""QU"" question TXT",0.010115
4783,1176217.746417,10.42.0.49,52432.0,10.42.0.13,50850.0,TCP,54,52432  >  50855 [ACK] Seq=1 Ack=163 Win=5678 Len=0,0.002347
4784,243591.125453,10.42.0.13,59474.0,10.42.0.49,52432.0,HTTP,305,POST /pair-verify HTTP/1.1  (application/pairing+tlv8),0.001158
4785,1177354.995287,10.42.0.49,61395.0,99.81.71.200,443.0,TLSv1.2,123,Application Data,17.897127
4786,1132280.456491,10.42.0.13,50395.0,10.42.0.49,52432.0,TCP,54,50590  >  52432 [ACK] Seq=496 Ack=1344 Win=65535 Len=0,0.003474
4787,1170581.419745,10.42.0.13,50552.0,10.42.0.49,52432.0,TCP,54,50552  >  52432 [ACK] Seq=496 Ack=1781 Win=65535 Len=0,0.000115
4788,418620.951534,10.42.0.49,61389.0,54.216.1.110,443.0,TLSv1.2,123,Application Data,2.221545
4789,375292.116739,10.42.0.49,52432.0,10.42.0.13,61920.0,TCP,54,52432  >  61902 [ACK] Seq=1 Ack=163 Win=5678 Len=0,0.12015
4790,353509.401311,10.42.0.49,52432.0,10.42.0.13,61818.0,TCP,54,52432  >  61871 [ACK] Seq=1 Ack=163 Win=5678 Len=0,0.001189
4791,351019.306519,10.42.0.13,51387.0,10.42.0.28,80.0,TCP,54,51353  >  80 [ACK] Seq=1 Ack=1 Win=65535 Len=0,0.000104
4792,316195.513255,10.42.0.49,5353.0,10.42.0.13,5353.0,MDNS,174,"Standard query response 0x0000 TXT MSS210-9f39._hap._tcp.local, ""QU"" question TXT",0.010676
4793,1156069.631947,10.42.0.49,61395.0,99.81.71.200,443.0,TLSv1.2,123,Application Data,3.779851
4794,1158387.940295,10.42.0.13,50524.0,10.42.0.49,52432.0,TCP,54,50548  >  52432 [ACK] Seq=496 Ack=1781 Win=65535 Len=0,0.000116
4795,351019.322851,10.42.0.13,51387.0,10.42.0.28,80.0,TCP,54,51371  >  80 [ACK] Seq=482 Ack=103 Win=65535 Len=0,0.000133
4796,1132277.40221,10.42.0.49,5353.0,10.42.0.13,5353.0,MDNS,174,"Standard query response 0x0000 TXT MSS210-9f39._hap._tcp.local, ""QU"" question TXT",0.000245
4797,422076.263794,10.42.0.49,5353.0,10.42.0.13,5353.0,MDNS,174,"Standard query response 0x0000 TXT MSS210-9f39._hap._tcp.local, ""QU"" question TXT",0.002466
4798,377072.40004,10.42.0.49,5353.0,224.0.0.251,5353.0,MDNS,305,"Standard query response 0x0000 PTR MSS210-9f39._hap._tcp.local SRV, cache flush 0 0 52432 Meross_Smart_Plug.local TXT, cache flush A, cache",
4799,1153411.610757,10.42.0.49,61395.0,99.81.71.200,443.0,TLSv1.2,539,Application Data,0.101054
4800,1132280.68345,10.42.0.13,50340.0,10.42.0.49,52432.0,TCP,54,50341  >  52432 [ACK] Seq=496 Ack=1344 Win=65535 Len=0,0.000111
4801,1145629.407069,10.42.0.49,52432.0,10.42.0.13,50505.0,TCP,54,52432  >  50532 [ACK] Seq=1781 Ack=497 Win=5344 Len=0,0.000152
4802,1141841.426815,10.42.0.49,52432.0,10.42.0.13,50505.0,TCP,54,"52432  >  50505 [FIN, ACK] Seq=1781 Ack=497 Win=5344 Len=0",0.000111
4803,1175847.887486,10.42.0.49,61395.0,99.81.71.200,443.0,TLSv1.2,555,Application Data,0.100134
4804,1155360.65576,10.42.0.49,5353.0,10.42.0.13,5353.0,MDNS,174,"Standard query response 0x0000 TXT MSS210-9f39._hap._tcp.local, ""QU"" question TXT",0.009575
4805,1183820.489455,10.42.0.49,61395.0,99.81.71.200,443.0,TCP,54,61395  >  443 [ACK] Seq=109128 Ack=16158 Win=5702 Len=0,0.208899
4806,1166816.121466,10.42.0.49,61395.0,99.81.71.200,443.0,TLSv1.2,539,Application Data,0.121187
4807,1171219.523798,10.42.0.49,52432.0,10.42.0.13,50326.0,HTTP,135,HTTP/1.1 200 OK  (application/pairing+tlv8),0.042019
4808,1182027.941765,10.42.0.13,50555.0,10.42.0.49,52432.0,TCP,54,50555  >  52432 [ACK] Seq=496 Ack=1344 Win=65535 Len=0,0.003783
4809,1152583.387811,10.42.0.49,5353.0,10.42.0.13,5353.0,MDNS,174,"Standard query response 0x0000 TXT MSS210-9f39._hap._tcp.local, ""QU"" question TXT",0.000715
4810,1170582.413068,10.42.0.13,50752.0,10.42.0.49,52432.0,TCP,54,50755  >  52432 [ACK] Seq=496 Ack=1781 Win=65535 Len=0,0.005192
4811,241589.390155,10.42.0.13,59681.0,10.42.0.49,52432.0,TCP,54,59619  >  52432 [ACK] Seq=496 Ack=1781 Win=65535 Len=0,0.003253
4812,255900.465846,10.42.0.13,52368.0,10.42.0.28,80.0,TCP,54,52741  >  80 [ACK] Seq=483 Ack=103 Win=65535 Len=0,0.000107
4813,255907.635773,10.42.0.13,52732.0,10.42.0.28,80.0,TCP,54,52732  >  80 [ACK] Seq=482 Ack=103 Win=65535 Len=0,0.000105
4814,1153686.843758,10.42.0.49,5353.0,10.42.0.13,5353.0,MDNS,174,"Standard query response 0x0000 TXT MSS210-9f39._hap._tcp.local, ""QU"" question TXT",0.000943
4815,351019.645859,10.42.0.13,51387.0,10.42.0.28,80.0,TCP,54,51341  >  80 [ACK] Seq=483 Ack=103 Win=65535 Len=0,0.000104
4816,1158387.695364,10.42.0.49,52432.0,10.42.0.13,50581.0,TCP,54,52432  >  50532 [ACK] Seq=1781 Ack=497 Win=5344 Len=0,0.000139
4817,1171125.869518,10.42.0.13,50857.0,10.42.0.49,52432.0,TCP,54,50575  >  52432 [ACK] Seq=414 Ack=302 Win=65535 Len=0,0.000153
4818,1171121.897039,10.42.0.49,52432.0,10.42.0.13,50424.0,HTTP,135,HTTP/1.1 200 OK  (application/pairing+tlv8),0.04461
4819,1132276.509192,10.42.0.13,50328.0,10.42.0.49,52432.0,TCP,54,50326  >  52432 [ACK] Seq=496 Ack=1781 Win=65535 Len=0,0.003725
4820,1139874.620092,10.42.0.49,61395.0,99.81.71.200,443.0,TLSv1.2,539,Application Data,0.008888
4821,418617.20985,10.42.0.49,52432.0,10.42.0.13,62584.0,TCP,54,52432  >  62472 [ACK] Seq=1 Ack=163 Win=5678 Len=0,0.002147
4822,356716.01706,10.42.0.13,61882.0,10.42.0.49,52432.0,TCP,54,61878  >  52432 [ACK] Seq=497 Ack=1782 Win=65535 Len=0,0.004152
4823,1156907.153023,10.42.0.49,52432.0,10.42.0.13,50555.0,HTTP,274,HTTP/1.1 200 OK  (application/pairing+tlv8),0.044367
4824,351019.166696,10.42.0.13,51387.0,10.42.0.28,80.0,TCP,54,51387  >  80 [ACK] Seq=1 Ack=1 Win=65535 Len=0,0.004942
4825,1167307.65477,10.42.0.49,5353.0,10.42.0.13,5353.0,MDNS,174,"Standard query response 0x0000 TXT MSS210-9f39._hap._tcp.local, ""QU"" question TXT",0.001127
4826,351008.488469,10.42.0.13,51346.0,10.42.0.28,80.0,TCP,54,51346  >  80 [ACK] Seq=515 Ack=103 Win=65535 Len=0,0.000107
4827,318209.023949,10.42.0.13,60888.0,10.42.0.49,52432.0,TCP,54,60882  >  52432 [ACK] Seq=496 Ack=1781 Win=65535 Len=0,0.003058
4828,355631.71411,10.42.0.13,61717.0,10.42.0.49,52432.0,TCP,54,61718  >  52432 [ACK] Seq=497 Ack=1782 Win=65535 Len=0,0.003539
4829,1132277.297126,10.42.0.49,61395.0,99.81.71.200,443.0,TCP,54,61395  >  443 [ACK] Seq=32999 Ack=172228 Win=5797 Len=0,0.167129
4830,1132277.961013,10.42.0.13,50328.0,10.42.0.49,52432.0,TCP,54,50329  >  52432 [ACK] Seq=496 Ack=1781 Win=65535 Len=0,0.003111
4831,1152635.593156,10.42.0.49,61395.0,99.81.71.200,443.0,TLSv1.2,123,Application Data,0.035071
4832,1134563.31862,10.42.0.49,52432.0,10.42.0.13,50394.0,TCP,54,52432  >  50320 [ACK] Seq=1 Ack=163 Win=5678 Len=0,0.122782
4833,361031.41284,10.42.0.49,5353.0,10.42.0.13,5353.0,MDNS,174,"Standard query response 0x0000 TXT MSS210-9f39._hap._tcp.local, ""QU"" question TXT",0.000531
4834,1156121.060331,10.42.0.49,52432.0,10.42.0.13,50618.0,HTTP,135,HTTP/1.1 200 OK  (application/pairing+tlv8),0.049477
4835,1132277.792428,10.42.0.13,50326.0,10.42.0.49,52432.0,TCP,54,50328  >  52432 [ACK] Seq=496 Ack=1344 Win=65535 Len=0,0.003745
4836,1149328.889174,10.42.0.49,52432.0,10.42.0.13,50495.0,TCP,54,52432  >  50494 [ACK] Seq=1 Ack=163 Win=5678 Len=0,0.102585
4837,1132277.770564,10.42.0.13,65056.0,10.42.0.49,52432.0,TCP,54,50563  >  52432 [ACK] Seq=414 Ack=302 Win=65535 Len=0,0.004655
4838,1157193.086795,10.42.0.49,5353.0,10.42.0.13,5353.0,MDNS,174,"Standard query response 0x0000 TXT MSS210-9f39._hap._tcp.local, ""QU"" question TXT",0.005998
4839,1132277.400915,10.42.0.13,50328.0,10.42.0.49,52432.0,TCP,54,50320  >  52432 [ACK] Seq=497 Ack=1782 Win=65535 Len=0,0.000146
4840,351064.85113,10.42.0.49,5353.0,10.42.0.13,5353.0,MDNS,174,"Standard query response 0x0000 TXT MSS210-9f39._hap._tcp.local, ""QU"" question TXT",0.000616
4841,1183777.874599,10.42.0.49,52432.0,10.42.0.13,50812.0,TCP,54,52432  >  50857 [ACK] Seq=1781 Ack=497 Win=5344 Len=0,0.000186
4842,1175828.97231,10.42.0.49,52432.0,10.42.0.13,50855.0,HTTP,1096,Continuation,0.006158
4843,1170923.581251,10.42.0.13,50555.0,10.42.0.49,52432.0,TCP,54,50555  >  52432 [ACK] Seq=163 Ack=221 Win=65535 Len=0,0.004798
4844,351063.244772,10.42.0.49,52432.0,10.42.0.13,61872.0,HTTP,274,HTTP/1.1 200 OK  (application/pairing+tlv8),0.315214
4845,1146737.700862,10.42.0.49,61395.0,99.81.71.200,443.0,TLSv1.2,555,Application Data,0.109347
4846,351019.642311,10.42.0.28,80.0,10.42.0.13,51368.0,TCP,58,"80  >  51368 [SYN, ACK] Seq=0 Ack=1 Win=2920 Len=0 MSS=1460",0.000103
4847,1132277.403423,10.42.0.49,61395.0,99.81.71.200,443.0,TCP,54,61395  >  443 [ACK] Seq=22785 Ack=12130 Win=5649 Len=0,0.158182
4848,249465.586927,10.42.0.49,5353.0,10.42.0.13,5353.0,MDNS,174,"Standard query response 0x0000 TXT MSS210-9f39._hap._tcp.local, ""QU"" question TXT",0.000245
4849,353509.409279,10.42.0.13,51381.0,10.42.0.28,80.0,TCP,54,51381  >  80 [ACK] Seq=1 Ack=1 Win=65535 Len=0,0.000107
4850,1149327.997534,10.42.0.49,5353.0,10.42.0.13,5353.0,MDNS,174,"Standard query response 0x0000 TXT MSS210-9f39._hap._tcp.local, ""QU"" question TXT",0.009668
4851,1158384.728939,10.42.0.49,52432.0,10.42.0.13,50493.0,TCP,54,52432  >  50368 [ACK] Seq=1 Ack=163 Win=5678 Len=0,0.112799
4852,360149.04138,10.42.0.49,5353.0,10.42.0.13,5353.0,MDNS,174,"Standard query response 0x0000 TXT MSS210-9f39._hap._tcp.local, ""QU"" question TXT",0.000652
4853,1171119.579894,10.42.0.49,52432.0,10.42.0.13,50881.0,TCP,54,52432  >  50850 [ACK] Seq=1 Ack=163 Win=5678 Len=0,0.002314
4854,1156847.69767,10.42.0.49,52432.0,10.42.0.13,50825.0,HTTP,135,HTTP/1.1 200 OK  (application/pairing+tlv8),0.046742
4855,320015.265389,10.42.0.49,52432.0,10.42.0.13,60908.0,HTTP,1096,Continuation,0.006035
4856,249465.549475,10.42.0.13,59663.0,10.42.0.49,52432.0,TCP,54,59692  >  52432 [ACK] Seq=497 Ack=1782 Win=65535 Len=0,0.007786
4857,1132277.205664,10.42.0.49,61395.0,99.81.71.200,443.0,TLSv1.2,555,Application Data,0.102432
4858,1132277.493511,10.42.0.49,61395.0,99.81.71.200,443.0,TCP,54,61395  >  443 [ACK] Seq=127889 Ack=1989 Win=5849 Len=0,0.206778
4859,351019.641327,10.42.0.28,80.0,10.42.0.13,51365.0,TCP,58,"80  >  51385 [SYN, ACK] Seq=0 Ack=1 Win=2920 Len=0 MSS=1460",0.001053
4860,248731.297579,10.42.0.49,52432.0,10.42.0.13,59470.0,HTTP,1096,Continuation,0.00667
4861,1170574.903157,10.42.0.49,5353.0,10.42.0.13,5353.0,MDNS,174,"Standard query response 0x0000 TXT MSS210-9f39._hap._tcp.local, ""QU"" question TXT",0.010973
4862,320015.53553,10.42.0.13,51477.0,10.42.0.28,80.0,TCP,54,51387  >  80 [ACK] Seq=482 Ack=199 Win=65535 Len=0,0.000105
4863,418629.910476,10.42.0.49,52432.0,10.42.0.13,62549.0,TCP,54,52432  >  62482 [ACK] Seq=1 Ack=163 Win=5678 Len=0,0.203216
4864,1155550.480651,10.42.0.49,52432.0,10.42.0.13,50576.0,TCP,54,52432  >  50532 [ACK] Seq=1 Ack=163 Win=5678 Len=0,0.102565
4865,1149544.807145,10.42.0.49,52432.0,10.42.0.13,50514.0,TCP,54,52432  >  50514 [ACK] Seq=1781 Ack=497 Win=5344 Len=0,0.000111
4866,1132277.584133,10.42.0.49,5353.0,10.42.0.13,5353.0,MDNS,270,"Standard query response 0x0000 PTR _hap._tcp.local, ""QU"" question PTR MSS210-9f39._hap._tcp.local SRV 0 0 52432 Meross_Smart_Pl",
4867,353509.440165,10.42.0.13,51381.0,10.42.0.28,80.0,TCP,54,51350  >  80 [ACK] Seq=482 Ack=103 Win=65535 Len=0,0.000105
4868,1162316.829079,10.42.0.49,61395.0,99.81.71.200,443.0,TLSv1.2,539,Application Data,0.096967
4869,1145687.706952,10.42.0.49,61395.0,99.81.71.200,443.0,TLSv1.2,555,Application Data,0.101341
4870,1171120.570773,10.42.0.49,61395.0,99.81.71.200,443.0,TLSv1.2,555,Application Data,0.107999
4871,355631.751173,10.42.0.49,61388.0,54.216.1.110,443.0,TLSv1.2,539,Application Data,0.105384
4872,1166737.99766,10.42.0.13,50708.0,10.42.0.49,52432.0,TCP,54,50756  >  52432 [ACK] Seq=497 Ack=1782 Win=65535 Len=0,0.002552
4873,1148684.99283,10.42.0.49,5353.0,10.42.0.13,5353.0,MDNS,174,"Standard query response 0x0000 TXT MSS210-9f39._hap._tcp.local, ""QU"" question TXT",0.000239
4874,1170929.89476,10.42.0.49,52432.0,10.42.0.13,58256.0,HTTP,135,HTTP/1.1 200 OK  (application/pairing+tlv8),0.046828
4875,1161936.538261,10.42.0.13,50639.0,10.42.0.49,52432.0,TCP,54,50613  >  52432 [ACK] Seq=497 Ack=1782 Win=65535 Len=0,0.007774
4876,373202.641696,10.42.0.13,61887.0,10.42.0.49,52432.0,TCP,54,61876  >  52432 [ACK] Seq=497 Ack=1782 Win=65535 Len=0,0.001014
4877,351001.410411,10.42.0.28,80.0,10.42.0.13,51350.0,TCP,58,"80  >  51364 [SYN, ACK] Seq=0 Ack=1 Win=2920 Len=0 MSS=1460",0.000117
4878,1158388.737465,10.42.0.49,61395.0,99.81.71.200,443.0,TLSv1.2,539,Application Data,0.100676
4879,1182029.998813,10.42.0.49,52432.0,10.42.0.13,50995.0,TCP,54,52432  >  50953 [ACK] Seq=1 Ack=163 Win=5678 Len=0,0.158319
4880,1162560.461523,10.42.0.49,61395.0,99.81.71.200,443.0,TCP,54,61395  >  443 [ACK] Seq=10776 Ack=10797 Win=4589 Len=0,0.007734
4881,1174789.41703,10.42.0.49,52432.0,10.42.0.13,50856.0,HTTP,1096,Continuation,0.007994
4882,1182027.94535,10.42.0.13,5353.0,10.42.0.49,5353.0,MDNS,87,"Standard query 0x0000 TXT MSS210-9f39._hap._tcp.local, ""QU"" question",0.070495
4883,373203.196839,10.42.0.13,61938.0,10.42.0.49,52432.0,TCP,54,61938  >  52432 [ACK] Seq=1 Ack=1 Win=65535 Len=0,0.003647
4884,1132277.452221,10.42.0.13,50329.0,10.42.0.49,52432.0,TCP,54,50325  >  52432 [ACK] Seq=496 Ack=1344 Win=65535 Len=0,0.001512
4885,1152783.430349,10.42.0.49,61395.0,99.81.71.200,443.0,TCP,54,61395  >  443 [ACK] Seq=32031 Ack=202036 Win=5840 Len=0,0.272909
4886,1137778.415782,10.42.0.13,50329.0,10.42.0.49,52432.0,TCP,54,50859  >  52432 [ACK] Seq=496 Ack=1781 Win=65535 Len=0,0.003338
4887,324132.147964,10.42.0.13,60929.0,10.42.0.49,52432.0,TCP,54,60925  >  52432 [ACK] Seq=496 Ack=1344 Win=65535 Len=0,0.003115
4888,1132277.507132,10.42.0.49,61395.0,99.81.71.200,443.0,TCP,54,61395  >  443 [ACK] Seq=122222 Ack=14451 Win=5340 Len=0,0.132649
4889,410997.97668,10.42.0.13,62591.0,10.42.0.49,52432.0,TCP,54,62592  >  52432 [ACK] Seq=497 Ack=1782 Win=65535 Len=0,0.004586
4890,1132277.231155,10.42.0.13,50326.0,10.42.0.49,52432.0,TCP,54,50326  >  52432 [ACK] Seq=414 Ack=302 Win=65535 Len=0,0.003232
4891,1145618.296799,10.42.0.13,50508.0,10.42.0.49,52432.0,TCP,54,50581  >  52432 [ACK] Seq=496 Ack=1781 Win=65535 Len=0,0.000101
4892,1182029.811759,10.42.0.13,59175.0,10.42.0.49,52432.0,TCP,54,50971  >  52432 [ACK] Seq=163 Ack=221 Win=65535 Len=0,0.001651
4893,1163250.659797,10.42.0.49,61395.0,99.81.71.200,443.0,TLSv1.2,123,Application Data,0.037923
4894,1182027.45776,10.42.0.13,58699.0,10.42.0.49,52432.0,TCP,54,58685  >  52432 [ACK] Seq=496 Ack=1781 Win=65535 Len=0,0.003473
4895,320015.571173,10.42.0.49,5353.0,10.42.0.13,5353.0,MDNS,174,"Standard query response 0x0000 TXT MSS210-9f39._hap._tcp.local, ""QU"" question TXT",0.000734
4896,1161691.925431,10.42.0.13,50526.0,10.42.0.49,52432.0,TCP,54,50610  >  52432 [ACK] Seq=1 Ack=1 Win=65535 Len=0,0.003849
4897,1132277.560841,10.42.0.49,61395.0,99.81.71.200,443.0,TLSv1.2,539,Application Data,0.06877
4898,1147886.086662,10.42.0.49,52432.0,10.42.0.13,50691.0,TCP,54,"52432  >  50868 [FIN, ACK] Seq=1781 Ack=497 Win=5344 Len=0",0.000289
4899,351024.901153,10.42.0.13,51374.0,10.42.0.28,80.0,TCP,54,51341  >  80 [ACK] Seq=1 Ack=1 Win=65535 Len=0,0.00425
4900,1153820.621535,10.42.0.49,5353.0,10.42.0.13,5353.0,MDNS,174,"Standard query response 0x0000 TXT MSS210-9f39._hap._tcp.local, ""QU"" question TXT",0.000546
4901,351024.390633,10.42.0.13,51363.0,10.42.0.28,80.0,TCP,54,51359  >  80 [ACK] Seq=1 Ack=1 Win=65535 Len=0,0.004104
4902,405121.683017,10.42.0.49,52432.0,10.42.0.13,62578.0,TCP,54,52432  >  62482 [ACK] Seq=1 Ack=163 Win=5678 Len=0,0.004022
4903,1178006.056191,10.42.0.49,5353.0,10.42.0.13,5353.0,MDNS,174,"Standard query response 0x0000 TXT MSS210-9f39._hap._tcp.local, ""QU"" question TXT",0.000251
4904,1151296.535995,10.42.0.49,52432.0,10.42.0.13,50581.0,HTTP,135,HTTP/1.1 200 OK  (application/pairing+tlv8),0.048755
4905,1145916.297025,10.42.0.49,52432.0,10.42.0.13,50541.0,HTTP,135,HTTP/1.1 200 OK  (application/pairing+tlv8),0.049895
4906,1166001.521527,10.42.0.49,61395.0,99.81.71.200,443.0,TLSv1.2,539,Application Data,0.025133
4907,1146700.647072,10.42.0.49,5353.0,10.42.0.13,5353.0,MDNS,174,"Standard query response 0x0000 TXT MSS210-9f39._hap._tcp.local, ""QU"" question TXT",0.000342
4908,238907.208354,10.42.0.13,51150.0,10.42.0.28,80.0,TCP,54,51151  >  80 [ACK] Seq=1 Ack=1 Win=65535 Len=0,0.00465
4909,1178007.894327,10.42.0.49,5353.0,10.42.0.13,5353.0,MDNS,174,"Standard query response 0x0000 TXT MSS210-9f39._hap._tcp.local, ""QU"" question TXT",0.000811
4910,356506.380077,10.42.0.49,52432.0,10.42.0.13,61874.0,TCP,54,52432  >  61872 [ACK] Seq=1781 Ack=497 Win=5344 Len=0,0.000382
4911,351001.241041,10.42.0.13,51387.0,10.42.0.28,80.0,TCP,54,51349  >  80 [ACK] Seq=1 Ack=1 Win=65535 Len=0,0.000105
4912,1176129.872725,10.42.0.13,50881.0,10.42.0.49,52432.0,TCP,54,50828  >  52432 [ACK] Seq=496 Ack=1781 Win=65535 Len=0,0.000119
4913,355629.859955,10.42.0.13,61811.0,10.42.0.49,52432.0,TCP,54,61812  >  52432 [ACK] Seq=496 Ack=1781 Win=65535 Len=0,0.006451
4914,1170540.281211,10.42.0.49,52432.0,10.42.0.13,50755.0,HTTP,135,HTTP/1.1 200 OK  (application/pairing+tlv8),0.044874
4915,1175111.574484,10.42.0.49,52432.0,10.42.0.13,50495.0,HTTP,1096,Continuation,0.004801
4916,1166231.230527,10.42.0.49,52432.0,10.42.0.13,50706.0,HTTP,135,HTTP/1.1 200 OK  (application/pairing+tlv8),0.044988
4917,1166721.905232,10.42.0.49,61395.0,99.81.71.200,443.0,TCP,54,61395  >  443 [ACK] Seq=129903 Ack=1207427 Win=5202 Len=0,0.00825
4918,351015.620618,10.42.0.13,51347.0,10.42.0.28,80.0,TCP,54,51387  >  80 [ACK] Seq=483 Ack=103 Win=65535 Len=0,0.000123
4919,375963.100515,10.42.0.49,61388.0,54.216.1.110,443.0,TLSv1.2,539,Application Data,0.101412
4920,1132277.477665,10.42.0.13,50505.0,10.42.0.49,52432.0,TCP,54,50505  >  52432 [ACK] Seq=1 Ack=1 Win=65535 Len=0,0.003466
4921,1155575.189584,10.42.0.49,52432.0,10.42.0.13,50581.0,TCP,54,"52432  >  50554 [FIN, ACK] Seq=1781 Ack=497 Win=5344 Len=0",0.003851
4922,255902.128269,10.42.0.13,52732.0,10.42.0.28,80.0,TCP,54,52732  >  80 [ACK] Seq=482 Ack=103 Win=65535 Len=0,0.000101
4923,1148436.420049,10.42.0.49,61395.0,99.81.71.200,443.0,TCP,54,61395  >  443 [ACK] Seq=25802 Ack=22120 Win=5849 Len=0,0.136052
4924,3742.635286,10.42.0.28,58270.0,52.212.130.239,443.0,TLSv1.2,123,Application Data,0.005316
4925,1141494.436029,10.42.0.49,52432.0,10.42.0.13,50404.0,TCP,54,52432  >  50504 [ACK] Seq=1781 Ack=497 Win=5344 Len=0,0.000181
4926,1132279.329799,10.42.0.13,50328.0,10.42.0.49,52432.0,TCP,54,50329  >  52432 [ACK] Seq=496 Ack=1781 Win=65535 Len=0,0.000252
4927,248731.480527,10.42.0.13,59686.0,10.42.0.49,52432.0,TCP,54,59464  >  52432 [ACK] Seq=496 Ack=1344 Win=65535 Len=0,0.003979
4928,1170923.589829,10.42.0.13,50759.0,10.42.0.49,52432.0,TCP,54,50959  >  52432 [ACK] Seq=497 Ack=1782 Win=65535 Len=0,0.003125
4929,1149318.408775,10.42.0.49,5353.0,10.42.0.13,5353.0,MDNS,174,"Standard query response 0x0000 TXT MSS210-9f39._hap._tcp.local, ""QU"" question TXT",0.009376
4930,237702.619815,10.42.0.13,51129.0,10.42.0.28,80.0,TCP,54,51171  >  80 [ACK] Seq=482 Ack=102 Win=65535 Len=0,0.000113
4931,377135.370605,10.42.0.49,5353.0,10.42.0.13,5353.0,MDNS,174,"Standard query response 0x0000 TXT MSS210-9f39._hap._tcp.local, ""QU"" question TXT",0.010888
4932,1161849.575295,10.42.0.49,52432.0,10.42.0.13,50541.0,TCP,54,52432  >  50554 [ACK] Seq=1 Ack=163 Win=5678 Len=0,0.003187
4933,351001.540081,10.42.0.13,51364.0,10.42.0.28,80.0,TCP,54,51381  >  80 [ACK] Seq=1 Ack=1 Win=65535 Len=0,0.000104
4934,255906.059679,10.42.0.13,52728.0,10.42.0.28,80.0,TCP,54,52728  >  80 [ACK] Seq=482 Ack=103 Win=65535 Len=0,0.001011
4935,1163678.707752,10.42.0.49,5353.0,10.42.0.13,5353.0,MDNS,174,"Standard query response 0x0000 TXT MSS210-9f39._hap._tcp.local, ""QU"" question TXT",0.010276
4936,1141444.480356,10.42.0.13,50491.0,10.42.0.49,52432.0,TCP,54,50404  >  52432 [ACK] Seq=1 Ack=1 Win=65535 Len=0,0.003506
4937,423008.265456,10.42.0.13,62604.0,10.42.0.49,52432.0,TCP,54,62604  >  52432 [ACK] Seq=496 Ack=1781 Win=65535 Len=0,0.000426
4938,405136.023069,10.42.0.13,51492.0,10.42.0.28,80.0,TCP,54,51495  >  80 [ACK] Seq=483 Ack=102 Win=65535 Len=0,0.000111
4939,351015.69541,10.42.0.28,80.0,10.42.0.13,51364.0,TCP,58,"80  >  51376 [SYN, ACK] Seq=0 Ack=1 Win=2920 Len=0 MSS=1460",0.001118
4940,1132277.98743,10.42.0.13,50326.0,10.42.0.28,80.0,TCP,54,50303  >  80 [ACK] Seq=1 Ack=1 Win=65535 Len=0,0.003016
4941,405043.912311,10.42.0.13,51473.0,10.42.0.28,80.0,TCP,54,51494  >  80 [ACK] Seq=515 Ack=104 Win=65535 Len=0,0.000102
4942,255907.723281,10.42.0.49,52432.0,10.42.0.13,59805.0,HTTP,1096,Continuation,0.006747
4943,1141436.458657,10.42.0.49,52432.0,10.42.0.13,50505.0,HTTP,274,HTTP/1.1 200 OK  (application/pairing+tlv8),0.044516
4944,1151382.98334,10.42.0.13,50552.0,10.42.0.49,52432.0,TCP,54,50553  >  52432 [ACK] Seq=496 Ack=1344 Win=65535 Len=0,0.003253
4945,351019.913691,10.42.0.49,5353.0,10.42.0.13,5353.0,MDNS,174,"Standard query response 0x0000 TXT MSS210-9f39._hap._tcp.local, ""QU"" question TXT",0.001337
4946,1167473.158332,10.42.0.49,52432.0,10.42.0.13,50402.0,TCP,54,52432  >  50322 [ACK] Seq=1 Ack=163 Win=5678 Len=0,0.103996
4947,1162181.329976,10.42.0.13,50552.0,10.42.0.49,52432.0,TCP,54,50552  >  52432 [ACK] Seq=496 Ack=1344 Win=65535 Len=0,0.003539
4948,251266.136318,10.42.0.28,80.0,10.42.0.13,59682.0,TCP,58,"80  >  59682 [SYN, ACK] Seq=0 Ack=1 Win=2920 Len=0 MSS=1460",0.00101
4949,1132276.908264,10.42.0.49,5353.0,10.42.0.13,5353.0,MDNS,174,"Standard query response 0x0000 TXT MSS210-9f39._hap._tcp.local, ""QU"" question TXT",0.000855
4950,318572.939051,10.42.0.13,5353.0,10.42.0.49,5353.0,MDNS,87,"Standard query 0x0000 TXT MSS210-9f39._hap._tcp.local, ""QU"" question",0.000264
4951,321277.575062,10.42.0.49,52432.0,10.42.0.13,60969.0,TCP,54,"52432  >  60936 [FIN, ACK] Seq=1781 Ack=497 Win=5344 Len=0",0.001586
4952,1163667.70968,10.42.0.49,61395.0,99.81.71.200,443.0,TLSv1.2,539,Application Data,0.137176
4953,1174534.573683,10.42.0.49,52432.0,10.42.0.13,50832.0,TCP,54,52432  >  50538 [ACK] Seq=1781 Ack=497 Win=5344 Len=0,0.000152
4954,254699.732879,10.42.0.49,52432.0,10.42.0.13,59827.0,HTTP,135,HTTP/1.1 200 OK  (application/pairing+tlv8),0.045885
4955,1178006.097878,10.42.0.49,5353.0,10.42.0.13,5353.0,MDNS,174,"Standard query response 0x0000 TXT MSS210-9f39._hap._tcp.local, ""QU"" question TXT",0.001022
4956,246304.405435,10.42.0.49,5353.0,224.0.0.251,5353.0,MDNS,305,"Standard query response 0x0000 PTR MSS210-9f39._hap._tcp.local SRV, cache flush 0 0 52432 Meross_Smart_Plug.local TXT, cache flush A,",
4957,1132277.487718,10.42.0.13,50326.0,10.42.0.49,52432.0,TCP,54,50326  >  52432 [ACK] Seq=414 Ack=302 Win=65535 Len=0,0.000156
4958,350985.457289,10.42.0.13,61719.0,10.42.0.28,80.0,TCP,54,51385  >  80 [ACK] Seq=1 Ack=1 Win=65535 Len=0,0.004698
4959,1132280.678426,10.42.0.49,61395.0,99.81.71.200,443.0,TLSv1.2,123,Application Data,1.259965
4960,3741.78748,10.42.0.28,58270.0,52.212.130.239,443.0,TLSv1.2,123,Application Data,0.014027
4961,1178007.899214,10.42.0.13,50856.0,10.42.0.49,52432.0,TCP,54,50865  >  52432 [ACK] Seq=163 Ack=221 Win=65535 Len=0,0.000107
4962,1163939.66546,10.42.0.49,61395.0,99.81.71.200,443.0,TLSv1.2,539,Application Data,0.134969
4963,1148947.540726,10.42.0.49,5353.0,10.42.0.13,5353.0,MDNS,174,"Standard query response 0x0000 TXT MSS210-9f39._hap._tcp.local, ""QU"" question TXT",0.000654
4964,315228.403021,10.42.0.49,5353.0,10.42.0.13,5353.0,MDNS,174,"Standard query response 0x0000 TXT MSS210-9f39._hap._tcp.local, ""QU"" question TXT",0.000113
4965,351019.64234,10.42.0.13,51387.0,10.42.0.28,80.0,TCP,54,51387  >  80 [ACK] Seq=483 Ack=199 Win=65535 Len=0,0.000101
4966,320151.419913,10.42.0.49,52432.0,10.42.0.13,60974.0,TCP,54,52432  >  60993 [ACK] Seq=1781 Ack=497 Win=5344 Len=0,0.003692
4967,1166939.132974,10.42.0.49,61395.0,99.81.71.200,443.0,TLSv1.2,539,Application Data,0.125426
4968,351019.041968,10.42.0.13,51387.0,10.42.0.28,80.0,TCP,54,51349  >  80 [ACK] Seq=515 Ack=103 Win=65535 Len=0,0.001051
4969,1143454.530275,10.42.0.49,61395.0,99.81.71.200,443.0,TLSv1.2,123,Application Data,0.001452
4970,1132277.262212,10.42.0.13,65050.0,10.42.0.49,52432.0,TCP,54,50326  >  52432 [ACK] Seq=414 Ack=302 Win=65535 Len=0,0.000265
4971,1154277.252322,10.42.0.49,52432.0,10.42.0.13,50575.0,HTTP,274,HTTP/1.1 200 OK  (application/pairing+tlv8),0.257874
4972,1176690.160749,10.42.0.49,5353.0,224.0.0.251,5353.0,MDNS,291,"Standard query response 0x0000 TXT, cache flush SRV, cache flush 0 0 52432 Meross_Smart_Plug.local A, cache flush 10.42.0.49 AAA",
4973,1132277.480731,10.42.0.13,50324.0,10.42.0.49,52432.0,TCP,54,50326  >  52432 [ACK] Seq=496 Ack=1781 Win=65535 Len=0,0.003296
4974,1152571.886462,10.42.0.49,52432.0,10.42.0.13,50505.0,TCP,54,"52432  >  50556 [FIN, ACK] Seq=1781 Ack=497 Win=5344 Len=0",0.000112
4975,1160170.613427,10.42.0.49,5353.0,10.42.0.13,5353.0,MDNS,174,"Standard query response 0x0000 TXT MSS210-9f39._hap._tcp.local, ""QU"" question TXT",0.001255
4976,233224.691021,10.42.0.13,50710.0,10.42.0.28,80.0,TCP,54,50777  >  80 [ACK] Seq=482 Ack=102 Win=65535 Len=0,0.001011
4977,1167177.587812,10.42.0.49,52432.0,10.42.0.13,50855.0,TCP,54,52432  >  50870 [ACK] Seq=1 Ack=163 Win=5678 Len=0,0.002487
4978,1141423.429549,10.42.0.49,52432.0,10.42.0.13,50549.0,TCP,54,52432  >  50532 [ACK] Seq=1 Ack=163 Win=5678 Len=0,0.003036
4979,246304.735222,10.42.0.13,59487.0,10.42.0.49,52432.0,TCP,54,59487  >  52432 [ACK] Seq=496 Ack=1781 Win=65535 Len=0,0.003556
4980,422075.402513,10.42.0.13,62692.0,10.42.0.49,52432.0,TCP,54,62601  >  52432 [ACK] Seq=163 Ack=221 Win=65535 Len=0,0.000154
4981,1156829.114639,10.42.0.13,50635.0,10.42.0.49,52432.0,TCP,54,50553  >  52432 [ACK] Seq=496 Ack=1781 Win=65535 Len=0,0.003688
4982,1150942.031525,10.42.0.49,52432.0,10.42.0.13,50550.0,TCP,54,52432  >  50505 [ACK] Seq=1781 Ack=497 Win=5344 Len=0,0.000115
4983,1132280.659994,10.42.0.13,50395.0,10.42.0.49,52432.0,TCP,54,50590  >  52432 [ACK] Seq=163 Ack=221 Win=65535 Len=0,0.000108
4984,351019.640084,10.42.0.13,51381.0,10.42.0.28,80.0,TCP,54,51381  >  80 [ACK] Seq=483 Ack=103 Win=65535 Len=0,0.001012
4985,351015.31611,10.42.0.13,51717.0,10.42.0.28,80.0,TCP,54,51391  >  80 [ACK] Seq=1 Ack=1 Win=65535 Len=0,0.000512
4986,255900.496222,10.42.0.13,52732.0,10.42.0.28,80.0,TCP,54,52732  >  80 [ACK] Seq=482 Ack=102 Win=65535 Len=0,0.001112
4987,351019.664574,10.42.0.49,52432.0,10.42.0.13,61881.0,TCP,54,52432  >  61989 [ACK] Seq=1781 Ack=497 Win=5344 Len=0,0.000153
4988,353509.459535,10.42.0.49,5353.0,10.42.0.13,5353.0,MDNS,174,"Standard query response 0x0000 TXT MSS210-9f39._hap._tcp.local, ""QU"" question TXT",0.000187
4989,351024.90895,10.42.0.13,51363.0,10.42.0.28,80.0,TCP,54,51365  >  80 [ACK] Seq=1 Ack=1 Win=65535 Len=0,0.000115
4990,351008.06513,10.42.0.28,80.0,10.42.0.13,51382.0,TCP,54,80  >  51368 [ACK] Seq=1 Ack=483 Win=2438 Len=0,0.000183
4991,1136494.068259,10.42.0.49,61395.0,99.81.71.200,443.0,TCP,54,61395  >  443 [ACK] Seq=20321 Ack=20029 Win=5249 Len=0,0.107827
4992,351019.571868,10.42.0.49,52432.0,10.42.0.13,61881.0,HTTP,135,HTTP/1.1 200 OK  (application/pairing+tlv8),0.044525
4993,256835.574578,10.42.0.13,59827.0,10.42.0.49,52432.0,TCP,54,59827  >  52432 [ACK] Seq=496 Ack=1781 Win=65535 Len=0,0.004239
4994,1178006.52695,10.42.0.13,5353.0,10.42.0.49,5353.0,MDNS,87,"Standard query 0x0000 TXT MSS210-9f39._hap._tcp.local, ""QU"" question",0.000065
4995,1147894.548111,10.42.0.49,52432.0,10.42.0.13,50505.0,TCP,54,52432  >  50505 [ACK] Seq=1 Ack=163 Win=5678 Len=0,0.003117
4996,351015.310633,10.42.0.28,80.0,10.42.0.13,51363.0,TCP,58,"80  >  51383 [SYN, ACK] Seq=0 Ack=1 Win=2920 Len=0 MSS=1460",0.000233
4997,350988.188596,10.42.0.28,55988.0,34.241.185.170,443.0,TCP,54,55988  >  443 [ACK] Seq=32145 Ack=2940 Win=2920 Len=0,0.108232
4998,1132276.663257,10.42.0.13,50326.0,10.42.0.49,52432.0,TCP,54,50326  >  52432 [ACK] Seq=497 Ack=1782 Win=65535 Len=0,0.000118
4999,1174787.906545,10.42.0.49,52432.0,10.42.0.13,50830.0,TCP,54,52432  >  50532 [ACK] Seq=1 Ack=163 Win=5678 Len=0,0.002867
5000,351019.01216,10.42.0.28,80.0,10.42.0.13,51365.0,TCP,58,"80  >  51366 [SYN, ACK] Seq=0 Ack=1 Win=2920 Len=0 MSS=1460",0.001734
