Source,Source port,Destination,Destination port,Protocol,Length,Info
10.42.0.49,5353.0,10.42.0.13,5353.0,MDNS,174,"Standard query response 0x0000 TXT MSS210-9f39._hap._tcp.local, ""QU"" question TXT MSS210-9f39._hap._tcp.local, ""QU"" question TXT A 10.42.0.49 AAAA fe80::4ae1:e9ff:fe6e:9f39640, cache flush Meross_Smart_Plug.local, ""QU"" question TX"
10.42.0.49,5353.0,10.42.0.13,5353.0,MDNS,270,"Standard query response 0x0000 PTR _hap._tcp.local, ""QU"" question PTR MSS210-9f39._hap._tcp.local SRV 0 0 52432 Meross_Smart_Plug.local TXT A 10.42.0.49 AAAA fe80::4ae1:e9ff:fe6e:9f3964, ""QU"" question SRV 0 0 52432 Meross"
10.42.0.49,52432.0,10.42.0.13,50594.0,TCP,54,"52432 > 50594 [ACK] Seq=1 Ack=163 Win=5678 Len=0163TCP Keep-Alive ACK],ACK]17260 Len=01231=496 Ack=1781 Win=65535 Len=0, cache flush 62.152.109.197 A 172.53.9"
10.42.0.49,52432.0,10.42.0.13,61885.0,TCP,54,"52432 > 61885 [ACK] Seq=1781 Ack=497 Win=5344 Len=0221TCP Retransmission], cache flush 0.north-america.pool.ntp.org A 17276.93.96.92 A 172.199.200.172 A 172.172.190.19 A 174."
10.42.0.49,52432.0,10.42.0.13,62473.0,TCP,54,52432 > 62473 [ACK] Seq=1 Ack=163 Win=5678 Len=0221TCP Keep-Alive ACK]551 Ack=1 Win=5840 Len=01460=64 TSval=1810755595 TSecr=0 SACK_PERM1726691991 TSecr=0 SACK_PERM
10.42.0.13,50756.0,10.42.0.49,52432.0,TCP,54,"50756 > 52432 [ACK] Seq=496 Ack=1781 Win=65535 Len=0 16349828], 107.172.16.125 Destination Port: 123.0 Protocol: NTP Length: 90 Info: NTP Version 4, client.amazonaws.com 10.42.0.49 Ack=1"
10.42.0.13,50508.0,10.42.0.49,52432.0,TCP,54,"50508 > 52432 [ACK] Seq=496 Ack=1781 Win=65535 Len=0162TCP Retransmission], cache flush 104.161.164.110400727717264101260=2947947990.45.105.152491048"
10.42.0.49,52432.0,10.42.0.13,62461.0,TCP,54,"52432 > 62461 [ACK] Seq=1781 Ack=497 Win=5344 Len=0162, flush, cache flush 0.north-america.pool.ntp.org A 149.56.19.163 A 172.132.109.197 A 192.53.103.108 A 185.25"
10.42.0.49,5353.0,10.42.0.13,5353.0,MDNS,174,"Standard query response 0x0000 TXT MSS210-9f39._hap._tcp.local, ""QU"" question TXT MSS210-9f39._hap._tcp.local, ""QU"" question TXT A 10.42.0.49 AAAA fe80::4ae1:e9ff:fe6e:9f39640, cache flush Meross_Smart_Plug.local, ""QU"" question TX"
10.42.0.13,50714.0,10.42.0.49,52432.0,TCP,54,"50714 > 52432 [ACK] Seq=496 Ack=1344 Win=65535 Len=0216 [TCP Retransmission]], Retransmission],Alive]17261126116014570251=1470247926 TSecr=0 SACK_PERM414220.19"
10.42.0.13,50406.0,10.42.0.49,52432.0,TCP,54,"50406 > 52432 [ACK] Seq=496 Ack=1344 Win=65535 Len=0163ACK],Alive],627 Ack=1781 Win=65535 Len=0214TCP PDU reassembled in 6110],62765.0 Protocol: TCP Length: 54 Info: 52432 > 524"
10.42.0.49,52432.0,10.42.0.13,50701.0,TCP,54,"52432 > 50701 [ACK] Seq=1 Ack=163 Win=5678 Len=0221TCP Keep-Alive ACK] 163 Ack=221 Win=65535 Len=011964TCP PDU reassembled in 46993],5119820.0 Protocol: TCP Length: 54 Info: 5243"
10.42.0.49,52432.0,10.42.0.13,50555.0,TCP,54,"52432 > 50555 [ACK] Seq=1781 Ack=497 Win=5344 Len=0172TCP PDU reassembled in 61117],1147691990 TSecr=0 SACK_PERM TPLink_b3:9b:91=1726660163 TSecr=0 SACK_PERM172"
10.42.0.49,5353.0,10.42.0.13,5353.0,MDNS,174,"Standard query response 0x0000 TXT MSS210-9f39._hap._tcp.local, ""QU"" question TXT MSS210-9f39._hap._tcp.local, ""QU"" question TXT A 10.42.0.49 AAAA fe80::4ae1:e9ff:fe6e:9f39640, cache flush Meross_Smart_Plug.local, ""QU"" question TX"
10.42.0.49,52432.0,10.42.0.13,62477.0,TCP,54,"52432 > 62477 [ACK] Seq=1 Ack=163 Win=5678 Len=062163, ACK]1 Ack=163 Win=5678 Len=0 10965.011087, cache flush 192.50.19.117 A 192.50.19.117 A 194.1"
10.42.0.49,52432.0,10.42.0.13,50519.0,HTTP,1096,"Continuationb353.0 Protocol: TCP Length: 54 Info: 52432 > 50519 [ACK] Seq=1781 Ack=497 Win=5344 Len=01147=1334=491 Info: Continuation,b34410285=17265 Len=03 104."
10.42.0.49,52432.0,10.42.0.13,61889.0,TCP,54,"52432 > 61889 [ACK] Seq=1781 Ack=497 Win=5344 Len=0 [TCP Retransmission], Retransmission], cache flush 10.42.0.49 Destination Port: 52432.0 Protocol: TCP Length: 54 Info: 52432 > 52432 [FIN, ACK] Seq=496 Ack=1781"
10.42.0.49,5353.0,10.42.0.13,5353.0,MDNS,174,"Standard query response 0x0000 TXT MSS210-9f39._hap._tcp.local, ""QU"" question TXT MSS210-9f39._hap._tcp.local, ""QU"" question TXT A 10.42.0.49 AAAA fe80::4ae1:e9ff:fe6e:9f39640, cache flush Meross_Smart_Plug.local, ""QU"" question TX"
10.42.0.49,52432.0,10.42.0.13,50550.0,TCP,54,52432 > 50550 [ACK] Seq=1 Ack=163 Win=5678 Len=0163TCP Retransmission]1632191904 TSecr=125438 Ack=77153 Win=65535 Len=094762479=87.65.75=1054208822 TSecr=0
10.42.0.13,50599.0,10.42.0.49,52432.0,TCP,54,"50599 > 52432 [ACK] Seq=496 Ack=1344 Win=65535 Len=01 Ack=163 Win=65535 Len=0264TCP Keep-Alive],62364728 TSecr=0 SACK_PERM64468 Len=02 1096 Info: Continuation"
10.42.0.49,5353.0,10.42.0.13,5353.0,MDNS,174,"Standard query response 0x0000 TXT MSS210-9f39._hap._tcp.local, ""QU"" question TXT MSS210-9f39._hap._tcp.local, ""QU"" question TXT A 10.42.0.49 AAAA fe80::4ae1:e9ff:fe6e:9f39640, cache flush Meross_Smart_Plug.local, ""QU"" question TX"
10.42.0.13,59620.0,10.42.0.49,52432.0,TCP,54,"59620 > 52432 [ACK] Seq=496 Ack=1781 Win=65535 Len=0 1362=82900 Win=65535 Len=0262,r)b36194290 TSecr=0 SACK_PERM1100107130 TSecr=0 SACK_PERM, cache flush"
10.42.0.49,52432.0,10.42.0.13,50576.0,TCP,54,52432 > 50576 [ACK] Seq=1 Ack=163 Win=5678 Len=0221TCP Retransmission]1632=221164.93.102.189 Destination Port: 123.0 Protocol: NTP Length: 90 Info: NTP Version 44105489467.197.252002b1978
10.42.0.13,51471.0,10.42.0.28,80.0,TCP,54,"51471 > 80 [ACK] Seq=515 Ack=104 Win=65535 Len=01.TCP Keep-Alive ACK],9090.0 Protocol: TCP Length: 54 Info: 51471 > 80 [ACK] Seq=515 Ack=104 Win=65535 Len=01627 Ack=167 Win=65535 Len=01"
10.42.0.49,52432.0,10.42.0.13,50404.0,TCP,54,52432 > 50404 [ACK] Seq=1 Ack=163 Win=5678 Len=0163TCP Keep-Alive ACK]1 Ack=163 Win=5678 Len=046TCP Keep-Alive ACK]9476 Ack=30542 Win=5840 Len=0119046TCP PDU reassembled in
10.42.0.49,5353.0,10.42.0.13,5353.0,MDNS,174,"Standard query response 0x0000 TXT MSS210-9f39._hap._tcp.local, ""QU"" question TXT MSS210-9f39._hap._tcp.local, ""QU"" question TXT A 10.42.0.49 AAAA fe80::4ae1:e9ff:fe6e:9f39640, cache flush Meross_Smart_Plug.local, ""QU"" question TX"
10.42.0.13,59627.0,10.42.0.49,52432.0,TCP,54,"59627 > 52432 [ACK] Seq=496 Ack=1344 Win=65535 Len=01 Ack=163 Win=65535 Len=0216TCP Keep-Alive], 10.42.0.496 Ack=1781 Win=65535 Len=0231TCP PDU reassembled in 25030],6"
10.42.0.49,52432.0,10.42.0.13,50590.0,TCP,54,"52432 > 50590 [ACK] Seq=1781 Ack=497 Win=5344 Len=0172TCP PDU reassembled in 61117],163468828 TSecr=0 SACK_PERM990 Info: Continuation, cache flush 10.42.0.1 Destination Port: 53.0 Protocol: DNS Length:"
10.42.0.13,51471.0,10.42.0.28,80.0,TCP,54,"51471 > 80 [ACK] Seq=515 Ack=104 Win=65535 Len=01.TCP Keep-Alive ACK],ACK]604 Ack=167 Win=65535 Len=0162364 > 80 [ACK] Seq=483 Ack=1 Win=65535 Len=01=627 Ack=167 Win=655"
10.42.0.49,52432.0,10.42.0.13,50418.0,TCP,54,52432 > 50418 [ACK] Seq=1781 Ack=497 Win=5344 Len=01626087.112.130.239 Destination Port: 443.0 Protocol: TLSv1.2 Length: 123 Info: Application Data
10.42.0.13,59472.0,10.42.0.49,52432.0,TCP,54,"59472 > 52432 [ACK] Seq=496 Ack=1781 Win=65535 Len=0 162159269 Len=0216TCP Keep-Alive], cache flush 10.42.0.496 Ack=1781 Win=65535 Len=021, cache flush 0.north-america.pool"
10.42.0.49,52432.0,10.42.0.13,50573.0,HTTP,135,"HTTP/1.1 200 OK (application/pairing+tlv8))) (application/pairing+tlv8), cache flush 10.42.0.49 AAAA, cache flush fe80::4ae1:e9ff:fe6e:9f39 NSEC, cache flush MSS210-9f39._hap._tcp.local NSEC, cache flush Meross_Smart_Plug.local, cache flush 10"
10.42.0.49,52432.0,10.42.0.13,50500.0,TCP,54,"52432 > 50500 [ACK] Seq=1 Ack=163 Win=5678 Len=0163TCP Keep-Alive ACK],5172621067 TSecr=0 SACK_PERM9999.0 Protocol: TCP Length: 54 Info: 52432 > 50500 [ACK] Seq=1781 Ack=497 Win=534"
10.42.0.13,50559.0,10.42.0.49,52432.0,TCP,54,"50559 > 52432 [ACK] Seq=496 Ack=1781 Win=65535 Len=0 163ad22190], cache flush 19470.0 Protocol: TCP Length: 54 Info: 52432 > 52432 [ACK] Seq=1781 Ack=497 Win=5344 Len=02, flush"
10.42.0.49,5353.0,10.42.0.13,5353.0,MDNS,174,"Standard query response 0x0000 TXT MSS210-9f39._hap._tcp.local, ""QU"" question TXT MSS210-9f39._hap._tcp.local, ""QU"" question TXT A 10.42.0.49 AAAA fe80::4ae1:e9ff:fe6e:9f39640, cache flush Meross_Smart_Plug.local, ""QU"" question TX"
10.42.0.13,50599.0,10.42.0.49,52432.0,TCP,54,"50599 > 52432 [ACK] Seq=496 Ack=1781 Win=65535 Len=0216 [TCP Retransmission]],491 Info: Continuation], Retransmission], cache flush 1346=49182.0 Protocol: TCP Length: 54 Info: 52432 > 52432 [FIN, ACK] Seq=178"
10.42.0.49,5353.0,224.0.0.251,5353.0,MDNS,305,"Standard query response 0x0000 PTR MSS210-9f39._hap._tcp.local SRV, cache flush 0 0 52432 Meross_Smart_Plug.local TXT, cache flush A, cache flush 10.42.0.49 AAAA, cache flush fe80::4ae1:e9ff:fe6e:9f39 NSEC, cache flush MSS210-9f39._hap._tcp.local NS"
10.42.0.49,52432.0,10.42.0.13,50540.0,TCP,54,"52432 > 50540 [ACK] Seq=1 Ack=163 Win=5678 Len=0163TCP Keep-Alive ACK]05472 Ack=30540 Win=5387 Len=0947265TCP Keep-Alive ACK],Alive ACK],51012514b.elb.eu-west=5648 Len="
10.42.0.13,50706.0,10.42.0.49,52432.0,TCP,54,"50706 > 52432 [ACK] Seq=496 Ack=1781 Win=65535 Len=0216 [TCP Retransmission]], Retransmission]]]163 Ack=221 Win=65535 Len=0414=1631027818.796548119656781"
10.42.0.49,52432.0,10.42.0.13,50509.0,TCP,54,52432 > 50509 [ACK] Seq=1 Ack=163 Win=5678 Len=0163TCP Retransmission]1632191905 TSecr=125146 Ack=77148 Win=5702 Len=091=414147040 Len=110717112146193
10.42.0.49,5353.0,10.42.0.13,5353.0,MDNS,174,"Standard query response 0x0000 TXT MSS210-9f39._hap._tcp.local, ""QU"" question TXT MSS210-9f39._hap._tcp.local, ""QU"" question TXT A 10.42.0.49 AAAA fe80::4ae1:e9ff:fe6e:9f39640, cache flush Meross_Smart_Plug.local, ""QU"" question TX"
10.42.0.49,52432.0,10.42.0.13,50573.0,HTTP,1096,"Continuation (sol, ovr) is at 64:0b:d7:37:a7:6c)b353.0 Protocol: TCP Length: 54 Info: 50573 > 52432 [ACK] Seq=496 Ack=1781 Win=65535 Len=02, flush 1042088005 TSecr=0 SACK_PERM17"
10.42.0.49,52432.0,10.42.0.13,59479.0,TCP,54,"52432 > 59479 [ACK] Seq=1781 Ack=497 Win=5344 Len=0165=1346 Win=5840 Len=0104240 Len=03, flush 10.42.0.49 Ack=1781 Win=65535 Len=031.amazonaws.com"
10.42.0.13,50757.0,10.42.0.49,52432.0,TCP,54,50757 > 52432 [ACK] Seq=496 Ack=1781 Win=65535 Len=0 1721160467481 TSecr=0 SACK_PERM172608 Len=01116=124 Info: 52432 > 52432 [ACK] Seq=1781 Ack=497 Win=178
10.42.0.49,52432.0,10.42.0.13,62596.0,TCP,54,"52432 > 62596 [ACK] Seq=1 Ack=163 Win=5678 Len=01116 [TCP Retransmission],Alive ACK]49144 > 62596 [ACK] Seq=496 Ack=1781 Win=65535 Len=081=164407.90.172.53107.10"
10.42.0.49,5353.0,10.42.0.13,5353.0,MDNS,174,"Standard query response 0x0000 TXT MSS210-9f39._hap._tcp.local, ""QU"" question TXT MSS210-9f39._hap._tcp.local, ""QU"" question TXT A 10.42.0.49 AAAA fe80::4ae1:e9ff:fe6e:9f39640, cache flush Meross_Smart_Plug.local, ""QU"" question TX"
10.42.0.49,52432.0,10.42.0.13,50757.0,TCP,54,"52432 > 50757 [ACK] Seq=1781 Ack=497 Win=5344 Len=016260711726665465 TSecr=0 SACK_PERM TPLink_b3:9b:91=1100=TCP Retransmission]1726570162=139459 [FIN,"
10.42.0.49,52432.0,10.42.0.13,61935.0,HTTP,1096,Continuation.north-america.pool.ntp.org1061011926 HTTP/1.1 200 OK (application/pairing+tlv8)))))))) TPLink_b3:9b:91 Destination Port: nan Protocol: TCP Length: 54 Info: 52432 > 52432 [ACK] Seq=1781 Ack=497 Win
10.42.0.49,52432.0,10.42.0.13,50414.0,TCP,54,"52432 > 50414 [ACK] Seq=1781 Ack=497 Win=5344 Len=016260861116164807 TSecr=0 SACK_PERM 10.42.0.49 Ack=1781 Win=5633 Len=0, cache flush 1727"
10.42.0.49,5353.0,10.42.0.13,5353.0,MDNS,174,"Standard query response 0x0000 TXT MSS210-9f39._hap._tcp.local, ""QU"" question TXT MSS210-9f39._hap._tcp.local, ""QU"" question TXT A 10.42.0.49 AAAA fe80::4ae1:e9ff:fe6e:9f39640, cache flush Meross_Smart_Plug.local, ""QU"" question TX"
10.42.0.49,5353.0,10.42.0.13,5353.0,MDNS,174,"Standard query response 0x0000 TXT MSS210-9f39._hap._tcp.local, ""QU"" question TXT MSS210-9f39._hap._tcp.local, ""QU"" question TXT A 10.42.0.49 AAAA fe80::4ae1:e9ff:fe6e:9f39640, cache flush Meross_Smart_Plug.local, ""QU"" question TX"
10.42.0.13,50551.0,10.42.0.49,52432.0,TCP,54,50551 > 52432 [ACK] Seq=496 Ack=1781 Win=65535 Len=0 163ad2219065555 TSecr=0 SACK_PERM172661262 TSecr=0 SACK_PERM1.amazonaws.com A 34.241.185.170 A 54.170
10.42.0.13,50492.0,10.42.0.49,52432.0,TCP,54,50492 > 52432 [ACK] Seq=496 Ack=1781 Win=65535 Len=0 163ad2219 Len=0 162119.211.123.1460200197 TSecr=0 SACK_PERM 1346 Win=65535 Len=0b160
10.42.0.49,5353.0,10.42.0.13,5353.0,MDNS,270,"Standard query response 0x0000 PTR _hap._tcp.local, ""QU"" question PTR MSS210-9f39._hap._tcp.local SRV 0 0 52432 Meross_Smart_Plug.local TXT A 10.42.0.49 AAAA fe80::4ae1:e9ff:fe6e:9f3964, ""QU"" question SRV 0 0 52432 Meross"
10.42.0.49,52432.0,10.42.0.13,62461.0,TCP,54,"52432 > 62461 [ACK] Seq=1 Ack=163 Win=5678 Len=0221TCP Keep-Alive ACK]55472 Ack=153020 Win=5840 Len=0, ACK],Alive ACK],Alive ACK],51728.0 Protocol: HTTP Length: 491 Info: Continuation0"
10.42.0.49,5353.0,10.42.0.13,5353.0,MDNS,174,"Standard query response 0x0000 TXT MSS210-9f39._hap._tcp.local, ""QU"" question TXT MSS210-9f39._hap._tcp.local, ""QU"" question TXT A 10.42.0.49 AAAA fe80::4ae1:e9ff:fe6e:9f39640, cache flush Meross_Smart_Plug.local, ""QU"" question TX"
10.42.0.49,52432.0,10.42.0.13,50575.0,TCP,54,"52432 > 50575 [ACK] Seq=1 Ack=163 Win=5678 Len=0163TCP Keep-Alive ACK]05496 Ack=1781 Win=65535 Len=062TCP Retransmission], cache flush 19260.0 Protocol: TCP Length: 54 Info: 52432 > 50575 [FIN,"
10.42.0.49,52432.0,10.42.0.13,62485.0,TCP,54,"52432 > 62485 [ACK] Seq=1 Ack=163 Win=5678 Len=0221TCP Keep-Alive ACK]551081472240 TSecr=0 SACK_PERM94728808 TSecr=0 SACK_PERM,51081472b.elb.eu-west=5840 Len=0"
10.42.0.49,52432.0,10.42.0.13,62760.0,TCP,54,52432 > 62760 [ACK] Seq=1781 Ack=497 Win=5344 Len=016271726721726007933 TSecr=0 SACK_PERM1.amazonaws.com 34.243.103.189 Destination Port: 443.0 Protocol: TCP Length: 54 Info: 5
10.42.0.13,59488.0,10.42.0.49,52432.0,TCP,54,"59488 > 52432 [ACK] Seq=496 Ack=1781 Win=65535 Len=0 , flush 1346=491 Info: Continuation 1061011681 TSecr=0 SACK_PERM 104.168.145.91, cache flush 147.50.19.1"
10.42.0.13,50508.0,10.42.0.49,52432.0,TCP,54,50508 > 52432 [ACK] Seq=496 Ack=1781 Win=65535 Len=0162TCP Retransmission] 62362.F1820813327 TSecr=0 SACK_PERM1440015125=1450=140925145=1460=2459
10.42.0.49,52432.0,10.42.0.13,61813.0,TCP,54,"52432 > 61813 [ACK] Seq=1 Ack=163 Win=5678 Len=061=1781=497 Win=5344 Len=0 1726112991 TSecr=0 SACK_PERM, ACK],Alive ACK],514701251670165TCP Keep-Alive ACK"
10.42.0.49,52432.0,10.42.0.13,50512.0,HTTP,1096,"Continuation (sol, ovr) is at 64:0b:d7:37:a7:6c)64433 Len=104270157172.132.104.167 Destination Port: 123.0 Protocol: NTP Length: 90 Info: NTP Version 4, client) 10.42.0.49 Port: 61380.0 Protocol: N"
10.42.0.13,51471.0,10.42.0.28,80.0,TCP,54,51471 > 80 [ACK] Seq=515 Ack=104 Win=65535 Len=01.TCP Keep-Alive ACK]00071 Ack=1445 Win=65535 Len=01460 WS=64 TSval=1501932683 TSecr=0 SACK_PERM 144.56.66.58 Source Port: 123
10.42.0.49,52432.0,10.42.0.13,50509.0,TCP,54,"52432 > 50509 [ACK] Seq=1781 Ack=497 Win=5344 Len=0221TCP Retransmission], cache flush 10.42.0.139466.0 Protocol: TCP Length: 54 Info: 52432 > 50509 [FIN, ACK] Seq=1781 Ack=497 Win=5344 Len=0"
10.42.0.49,52432.0,10.42.0.13,50414.0,TCP,54,52432 > 50414 [ACK] Seq=1781 Ack=497 Win=5344 Len=01626087.112.130.239 Destination Port: 443.0 Protocol: TLSv1.2 Length: 123 Info: Application Data
10.42.0.49,5353.0,10.42.0.13,5353.0,MDNS,174,"Standard query response 0x0000 TXT MSS210-9f39._hap._tcp.local, ""QU"" question TXT MSS210-9f39._hap._tcp.local, ""QU"" question TXT A 10.42.0.49 AAAA fe80::4ae1:e9ff:fe6e:9f39640, cache flush Meross_Smart_Plug.local, ""QU"" question TX"
10.42.0.49,5353.0,10.42.0.13,5353.0,MDNS,174,"Standard query response 0x0000 TXT MSS210-9f39._hap._tcp.local, ""QU"" question TXT MSS210-9f39._hap._tcp.local, ""QU"" question TXT A 10.42.0.49 AAAA fe80::4ae1:e9ff:fe6e:9f39640, cache flush Meross_Smart_Plug.local, ""QU"" question TX"
10.42.0.49,5353.0,10.42.0.13,5353.0,MDNS,174,"Standard query response 0x0000 TXT MSS210-9f39._hap._tcp.local, ""QU"" question TXT MSS210-9f39._hap._tcp.local, ""QU"" question TXT A 10.42.0.49 AAAA fe80::4ae1:e9ff:fe6e:9f39640, cache flush Meross_Smart_Plug.local, ""QU"" question TX"
10.42.0.49,52432.0,10.42.0.13,50492.0,TCP,54,52432 > 50492 [ACK] Seq=1 Ack=163 Win=5678 Len=0221TCP Keep-Alive ACK]125591 Len=075TCP Keep-Alive ACK]91081.165.91.190.TCP Keep-Alive ACK]496 Ack=1781 Win=65535 Len=
10.42.0.49,52432.0,10.42.0.13,50509.0,TCP,54,52432 > 50509 [ACK] Seq=1 Ack=163 Win=5678 Len=0163TCP Retransmission]1632191900 TSecr=125538 Ack=77153 Win=5840 Len=094762393 Len=101=168102.102.10.42.0.
10.42.0.13,50724.0,10.42.0.49,52432.0,TCP,54,"50724 > 52432 [ACK] Seq=496 Ack=1781 Win=65535 Len=0 1726 [TCP Retransmission]], cache flush 134.241.114.194 Destination Port: 123.0 Protocol: NTP Length: 90 Info: NTP Version 4, client104.168.25.46, cache flush 10"
10.42.0.49,5353.0,10.42.0.13,5353.0,MDNS,174,"Standard query response 0x0000 TXT MSS210-9f39._hap._tcp.local, ""QU"" question TXT MSS210-9f39._hap._tcp.local, ""QU"" question TXT A 10.42.0.49 AAAA fe80::4ae1:e9ff:fe6e:9f39640, cache flush Meross_Smart_Plug.local, ""QU"" question TX"
10.42.0.49,52432.0,10.42.0.13,59472.0,TCP,54,"52432 > 59472 [ACK] Seq=1781 Ack=497 Win=5344 Len=0 [TCP Retransmission]1160, cache flush 172609 Len=01116]491116324745=491=1781747712727=1254538640"
10.42.0.49,5353.0,224.0.0.251,5353.0,MDNS,305,"Standard query response 0x0000 PTR MSS210-9f39._hap._tcp.local SRV, cache flush 0 0 52432 Meross_Smart_Plug.local TXT, cache flush A, cache flush 10.42.0.49 AAAA, cache flush fe80::4ae1:e9ff:fe6e:9f39 NSEC, cache flush MSS210-9f39._hap._tcp.local NS"
10.42.0.49,52432.0,10.42.0.13,50529.0,HTTP,135,"HTTP/1.1 200 OK (application/pairing+tlv8), cache flush 10.42.0.132=135.243.103.189 Destination Port: 52432.0 Protocol: TCP Length: 54 Info: 52432 > 52432 [ACK] Seq=1 Ack=163 Win=5678 Len=01, cache flush, cache flush"
10.42.0.13,50757.0,10.42.0.49,52432.0,TCP,54,"50757 > 52432 [ACK] Seq=496 Ack=1781 Win=65535 Len=0 1726 [TCP Retransmission]],1726173265 TSecr=0 SACK_PERM,172639 Len=011161726333355 TSecr=0 S"
10.42.0.49,52432.0,10.42.0.13,50568.0,TCP,54,52432 > 50568 [ACK] Seq=1781 Ack=497 Win=5344 Len=0221TCP Retransmission]1726812512 TSecr=0 SACK_PERM221419424074268.71491194797116774268.6911931
10.42.0.49,52432.0,10.42.0.13,50562.0,HTTP,1096,Continuation.amazonaws.com 10.42.0.491 Info: Continuation.amazonaws.com 34.241.185.170 A 34.243.103.189 A 149.248.12.167148125.252646.931.145.91.124 Destination Port: 123.
10.42.0.49,52432.0,10.42.0.13,50540.0,TCP,54,"52432 > 50540 [ACK] Seq=1 Ack=163 Win=5678 Len=0163TCP Keep-Alive ACK],51061860021 TSecr=0 SACK_PERM999712995 TSecr=0 SACK_PERM, ACK]1 Ack=163 Win=5678 Len=0,TCP Keep"
10.42.0.49,52432.0,10.42.0.13,50514.0,HTTP,1096,"Continuationb353.0 Protocol: TCP Length: 54 Info: 52432 > 50514 [ACK] Seq=1781 Ack=497 Win=5344 Len=01147=1334=491 Info: Continuation,b34410279=1726 Len=0TCP PDU reassembled in 62"
10.42.0.49,5353.0,10.42.0.13,5353.0,MDNS,174,"Standard query response 0x0000 TXT MSS210-9f39._hap._tcp.local, ""QU"" question TXT MSS210-9f39._hap._tcp.local, ""QU"" question TXT A 10.42.0.49 AAAA fe80::4ae1:e9ff:fe6e:9f3962 MSS210-9f39._hap._tcp.local SRV"
10.42.0.49,5353.0,10.42.0.13,5353.0,MDNS,174,"Standard query response 0x0000 TXT MSS210-9f39._hap._tcp.local, ""QU"" question TXT MSS210-9f39._hap._tcp.local, ""QU"" question TXT A 10.42.0.49 AAAA fe80::4ae1:e9ff:fe6e:9f39640 response  MSS210-9f39._hap._tcp"
10.42.0.49,52432.0,10.42.0.13,50491.0,HTTP,1096,Continuation1164 Info: Continuationb1978819 TSecr=0 SACK_PERM1108119232 TSecr=0 SACK_PERM1196119232 TSecr=0 SACK_PERM1.amazonaws.com 10.42.0.49f3.elb.eu-west-1.amazonaws.com110-
10.42.0.49,5353.0,10.42.0.13,5353.0,MDNS,174,"Standard query response 0x0000 TXT MSS210-9f39._hap._tcp.local, ""QU"" question TXT MSS210-9f39._hap._tcp.local, ""QU"" question TXT A 10.42.0.49 AAAA fe80::4ae1:e9ff:fe6e:9f39640 response  MSS210-9f39._hap._tcp"
10.42.0.49,52432.0,10.42.0.13,61865.0,TCP,54,"52432 > 61865 [ACK] Seq=1781 Ack=497 Win=5344 Len=0221TCP Retransmission], cache flush 147.61.124.140 Destination Port: 123.0 Protocol: NTP Length: 90 Info: NTP Version 4, client1726987.0111.123.146.2619"
10.42.0.49,52432.0,10.42.0.13,61865.0,TCP,54,"52432 > 61865 [ACK] Seq=1781 Ack=497 Win=5344 Len=0172TCP PDU reassembled in 49119],116096 Len=03=2211440=1931=1723 Win=5633 Len=0 17260.0"
10.42.0.13,50756.0,10.42.0.49,52432.0,TCP,54,"50756 > 52432 [ACK] Seq=496 Ack=1781 Win=65535 Len=0 16349828], 107.172.16.110 Destination Port: 443.0 Protocol: TCP Length: 54 Info: 50756 > 443 [ACK] Seq=14752 Ack=10374 Win="
10.42.0.49,52432.0,10.42.0.13,50555.0,TCP,54,"52432 > 50555 [ACK] Seq=1781 Ack=497 Win=5344 Len=0172TCP Retransmission], cache flush 1346=49119.1460=1726934790 TSecr=0 SACK_PERM1105911924 TSecr=0 SACK_PERM"
10.42.0.13,50960.0,10.42.0.49,80.0,TCP,54,"50960 > 80 [ACK] Seq=589 Ack=442 Win=65535 Len=07 [TCP PDU reassembled in 13462], cache flush 10.42.0.49 Destination Port: 52432.0 Protocol: TCP Length: 54 Info: 50960 > 52432 [ACK] Seq=1 Ack=1 Win=65535 Len=0"
10.42.0.49,5353.0,10.42.0.13,5353.0,MDNS,174,"Standard query response 0x0000 TXT MSS210-9f39._hap._tcp.local, ""QU"" question TXT MSS210-9f39._hap._tcp.local, ""QU"" question TXT A 10.42.0.49 AAAA fe80::4ae1:e9ff:fe6e:9f39640, cache flush Meross_Smart_Plug.local, ""QU"" question TX"
10.42.0.13,50510.0,10.42.0.49,52432.0,TCP,54,"50510 > 52432 [ACK] Seq=496 Ack=1781 Win=65535 Len=0162TCP Retransmission], cache flush 104.161.164.110 Destination Port: 123.0 Protocol: NTP Length: 90 Info: NTP Version 4, client1390e:91197.110.104.167."
10.42.0.13,50519.0,10.42.0.49,52432.0,TCP,54,"50519 > 52432 [ACK] Seq=163 Ack=221 Win=65535 Len=01160TCP Retransmission], cache flush 10.42.0.49 Ack=1781 Win=65535 Len=07171741651249=2516064895 TSecr=0 SACK"
10.42.0.49,52432.0,10.42.0.13,61859.0,TCP,54,52432 > 61859 [ACK] Seq=1781 Ack=497 Win=5344 Len=0161129968.50.172.199193.200.193.102117.235.139.230.234.75.200.195.200.172.72
10.42.0.49,52432.0,10.42.0.13,50854.0,TCP,54,"52432 > 50854 [ACK] Seq=1 Ack=163 Win=5678 Len=062163 Ack=498 Win=5343 Len=0 10860 > 50854 [SYN, ACK] Seq=0 Ack=1 Win=5840 Len=0 MSS=1460=64 TSval=187739331"
10.42.0.13,50426.0,10.42.0.49,52432.0,TCP,54,50426 > 52432 [ACK] Seq=496 Ack=1344 Win=65535 Len=0163TCP Keep-Alive] 496 Info:481 Info: 52432 > 52432 [ACK] Seq=1781 Ack=496 Win=1346 Len=0211TCP PDU reassembled in 74275]
10.42.0.13,50341.0,10.42.0.28,80.0,TCP,54,"50341 > 80 [ACK] Seq=483 Ack=103 Win=65535 Len=01 [TCP Dup ACK 30681#1], 10.42.0.283 Ack=1 Win=65535 Len=01=199=11942.019f.230.132.237 A 178.63.52.50"
10.42.0.49,5353.0,10.42.0.13,5353.0,MDNS,174,"Standard query response 0x0000 TXT MSS210-9f39._hap._tcp.local, ""QU"" question TXT MSS210-9f39._hap._tcp.local, ""QU"" question TXT A 10.42.0.49 AAAA fe80::4ae1:e9ff:fe6e:9f3962 MSS210-9f39._hap._tcp.local, """
10.42.0.49,52432.0,10.42.0.13,62595.0,TCP,54,"52432 > 62595 [ACK] Seq=1 Ack=163 Win=5678 Len=01108 [TCP Retransmission],Alive ACK]49685 > 62595 [ACK] Seq=496 Ack=1781 Win=65535 Len=01.amazonaws.com181638724 TSecr=0 SACK_PER"
10.42.0.49,52432.0,10.42.0.13,50505.0,TCP,54,"52432 > 50505 [ACK] Seq=1 Ack=163 Win=5678 Len=0163TCP Keep-Alive ACK]05472 Ack=30220.0 Protocol: HTTP Length: 1096 Info: Continuation, ACK]1472 Ack=1926 Win=5357 Len=1042TCP Keep-Alive ACK"
10.42.0.49,52432.0,10.42.0.13,62467.0,TCP,54,"52432 > 62467 [ACK] Seq=1 Ack=163 Win=5678 Len=0221TCP Keep-Alive ACK]55472 Ack=15206 Win=5840 Len=099TCP PDU reassembled in 49117],62012.0 Protocol: TCP Length: 54 Info: 52432 > 62"
10.42.0.49,52432.0,10.42.0.13,50573.0,TCP,54,52432 > 50573 [ACK] Seq=1 Ack=163 Win=5678 Len=0163TCP Keep-Alive ACK]051081472154 TSecr=0 SACK_PERM9476.0 Protocol: TCP Length: 54 Info: 52432 > 52432 [ACK] Seq=1781 Ack=496 Win=
10.42.0.49,52432.0,10.42.0.13,59620.0,TCP,54,"52432 > 59620 [ACK] Seq=1 Ack=163 Win=5678 Len=0221TCP Keep-Alive ACK],ACK]172621 Ack=105660 Win=5840 Len=0116040 Len=0,b., flush110040 Win=5840 Len=01181"
10.42.0.49,52432.0,10.42.0.13,50505.0,TCP,54,"52432 > 50505 [ACK] Seq=1 Ack=163 Win=5678 Len=0163TCP Keep-Alive ACK]054781547 TSecr=0 SACK_PERM17260 Len=0, ACK],Alive ACK],Alive ACK],ACK]125107 Ack=77069 Win"
10.42.0.13,50559.0,10.42.0.49,52432.0,TCP,54,"50559 > 52432 [ACK] Seq=496 Ack=1344 Win=65535 Len=0216 [TCP Retransmission]],Alive]116056 Len=02147=25153277153869189649682.153852.99=414 Ack=302 Win="
10.42.0.49,5353.0,224.0.0.251,5353.0,MDNS,305,"Standard query response 0x0000 PTR MSS210-9f39._hap._tcp.local SRV, cache flush 0 0 52432 Meross_Smart_Plug.local TXT, cache flush A, cache flush 10.42.0.49 AAAA, cache flush fe80::4ae1:e9ff:fe6e:9f39 NSEC, cache flush MSS210-9f39._hap._tcp.local NS"
10.42.0.49,5353.0,224.0.0.251,5353.0,MDNS,305,"Standard query response 0x0000 PTR MSS210-9f39._hap._tcp.local SRV, cache flush 0 0 52432 Meross_Smart_Plug.local TXT, cache flush A, cache flush 10.42.0.49 AAAA, cache flush fe80::4ae1:e9ff:fe6e:9f39 NSEC, cache flush MSS210-9f39._hap._tcp.local NS"
10.42.0.49,52432.0,10.42.0.13,61814.0,TCP,54,52432 > 61814 [ACK] Seq=1 Ack=163 Win=5678 Len=061=1781=497 Win=5344 Len=0 1.north-america.pool.ntp.org 1726.119.211.223 A 192.200.19.117 A 194.90.196
10.42.0.49,52432.0,10.42.0.13,62466.0,TCP,54,"52432 > 62466 [ACK] Seq=1 Ack=163 Win=5678 Len=0221TCP Retransmission]163221.164.96.220 Source Port: 123.0 Destination: 10.42.0.49 Destination Port: 61380.0 Protocol: NTP Length: 90 Info: NTP Version 4, server45890"
10.42.0.13,50498.0,10.42.0.49,52432.0,TCP,54,"50498 > 52432 [ACK] Seq=496 Ack=1781 Win=65535 Len=0 163ad221906]64163.107.187.232 Destination Port: 123.0 Protocol: NTP Length: 90 Info: NTP Version 4, client147.125.145.46, cache"
10.42.0.13,59825.0,10.42.0.49,52432.0,TCP,54,"59825 > 52432 [ACK] Seq=496 Ack=1781 Win=65535 Len=0163ad221.164.236.223 Ack=164 Win=5677 Len=0221TCP Retransmission], cache flush 147.61.124.221112.192.200.19"
10.42.0.49,5353.0,10.42.0.13,5353.0,MDNS,174,"Standard query response 0x0000 TXT MSS210-9f39._hap._tcp.local, ""QU"" question TXT MSS210-9f39._hap._tcp.local, ""QU"" question TXT A 10.42.0.49 AAAA fe80::4ae1:e9ff:fe6e:9f3962 MSS210-9f39._hap._tcp.local SRV"
10.42.0.49,5353.0,10.42.0.13,5353.0,MDNS,174,"Standard query response 0x0000 TXT MSS210-9f39._hap._tcp.local, ""QU"" question TXT MSS210-9f39._hap._tcp.local, ""QU"" question TXT A 10.42.0.49 AAAA fe80::4ae1:e9ff:fe6e:9f39640, cache flush Meross_Smart_Plug.local, ""QU"" question TX"
10.42.0.49,52432.0,10.42.0.13,50500.0,TCP,54,"52432 > 50500 [ACK] Seq=1 Ack=163 Win=5678 Len=0163TCP Keep-Alive ACK]05472 Ack=30228 Win=5318 Len=0, ACK],Alive ACK],5152002 Win=5840 Len=0,TCPACK-Alive AC"
10.42.0.49,52432.0,10.42.0.13,62015.0,TCP,54,"52432 > 62015 [ACK] Seq=1 Ack=163 Win=5678 Len=0221TCP Keep-Alive ACK]1251 Ack=2406 Win=5646 Len=01181=TCP PDU reassembled in 50510],5110-1978dde4, 52432.0 Protocol: T"
10.42.0.49,52432.0,10.42.0.13,50559.0,HTTP,135,"HTTP/1.1 200 OK (application/pairing+tlv8), cache flush 10.42.0.132=135.243.103.189 Destination Port: 52432.0 Protocol: TCP Length: 54 Info: 52432 > 52432 [ACK] Seq=1 Ack=163 Win=5678 Len=01, cache flush, cache flush"
10.42.0.49,52432.0,10.42.0.13,59471.0,TCP,54,"52432 > 59471 [ACK] Seq=1781 Ack=497 Win=5344 Len=0165=2216476229 Len=0, flush, flush 10.42.0.49 Ack=1782 Win=5357 Len=031 10.42.0"
10.42.0.49,52432.0,10.42.0.13,50509.0,TCP,54,52432 > 50509 [ACK] Seq=1 Ack=163 Win=5678 Len=0163TCP Retransmission]1632191902 TSecr=125538 Ack=77153 Win=5840 Len=0946=1196587235 TSecr=0 SACK_PERM110059 [
10.42.0.13,50593.0,10.42.0.49,52432.0,TCP,54,"50593 > 52432 [ACK] Seq=496 Ack=1781 Win=65535 Len=0216 [TCP Retransmission]], Retransmission], cache flush 1649651812 TSecr=0 SACK_PERM1147691974 TSecr=0 SACK_PERM, cache"
10.42.0.49,52432.0,10.42.0.13,50597.0,HTTP,1096,Continuation.elb.eu-west-1.amazonaws.com10476.arpa1931091909 HTTP/1.1 200 OK (application/pairing+tlv8))))))) (application/pairing+tlv8))))) 10.42.0.49 Port: 52432.0 Protocol: TCP Length: 5
10.42.0.49,52432.0,10.42.0.13,62481.0,TCP,54,"52432 > 62481 [ACK] Seq=1 Ack=163 Win=5678 Len=0221TCP Keep-Alive ACK]550623692267 TSecr=0 SACK_PERM94782401 TSecr=0 SACK_PERM,5491 Info: [TCP Keep-Alive ACK] 52432 > 62"
10.42.0.49,52432.0,10.42.0.13,50882.0,TCP,54,"52432 > 50882 [ACK] Seq=1 Ack=163 Win=5678 Len=0 [TCP Keep-Alive ACK] 491 Ack=1781 Win=65535 Len=062TCP PDU reassembled in 22161],5, ACK],5138620.0 Protocol: TCP Length: 54 Info: 5243"
10.42.0.49,5353.0,10.42.0.13,5353.0,MDNS,174,"Standard query response 0x0000 TXT MSS210-9f39._hap._tcp.local, ""QU"" question TXT MSS210-9f39._hap._tcp.local, ""QU"" question TXT A 10.42.0.49 AAAA fe80::4ae1:e9ff:fe6e:9f39640, cache flush Meross_Smart_Plug.local, ""QU"" question TX"
10.42.0.49,52432.0,10.42.0.13,59471.0,TCP,54,"52432 > 59471 [ACK] Seq=1 Ack=163 Win=5678 Len=062163 Ack=221 Win=5633 Len=0 172286TCP Keep-Alive], 10.42.0.49 Ack=17816.0 Protocol: TCP Length: 54 Info: 52432 > 594"
10.42.0.49,5353.0,10.42.0.13,5353.0,MDNS,174,"Standard query response 0x0000 TXT MSS210-9f39._hap._tcp.local, ""QU"" question TXT MSS210-9f39._hap._tcp.local, ""QU"" question TXT A 10.42.0.49 AAAA fe80::4ae1:e9ff:fe6e:9f39640, cache flush Meross_Smart_Plug.local, ""QU"" question TX"
10.42.0.13,51466.0,10.42.0.28,80.0,TCP,54,"51466 > 80 [ACK] Seq=515 Ack=104 Win=65535 Len=01.TCP Keep-Alive ACK]627 Ack=167 Win=65535 Len=0162360 Len=01,TCP PDU reassembled in 47448],62367.0 Protocol: TCP Length: 54 Info: 51460 >"
10.42.0.49,52432.0,10.42.0.13,61844.0,TCP,54,"52432 > 61844 [ACK] Seq=1 Ack=163 Win=5678 Len=061=1781=497 Win=5344 Len=0 0-TCP Retransmission],,Alive ACK]17266.0 Protocol: TCP Length: 54 Info: 52432 > 61844 [FIN, ACK] Se"
10.42.0.49,52432.0,10.42.0.13,59460.0,TCP,54,"52432 > 59460 [ACK] Seq=1 Ack=163 Win=5678 Len=0221TCP Keep-Alive ACK],Alive ACK],5477 Ack=17264 Win=5648 Len=0, ACK],Alive ACK],51460.TCP Keep-Alive ACK]163 Ack=5"
10.42.0.49,5353.0,10.42.0.13,5353.0,MDNS,174,"Standard query response 0x0000 TXT MSS210-9f39._hap._tcp.local, ""QU"" question TXT MSS210-9f39._hap._tcp.local, ""QU"" question TXT A 10.42.0.49 AAAA fe80::4ae1:e9ff:fe6e:9f39640, cache flush Meross_Smart_Plug.local, ""QU"" question TX"
10.42.0.49,5353.0,10.42.0.13,5353.0,MDNS,174,"Standard query response 0x0000 TXT MSS210-9f39._hap._tcp.local, ""QU"" question TXT MSS210-9f39._hap._tcp.local, ""QU"" question TXT A 10.42.0.49 AAAA fe80::4ae1:e9ff:fe6e:9f3962 MSS210-9f39._hap._tcp.local, """
10.42.0.49,52432.0,10.42.0.13,50502.0,TCP,54,52432 > 50502 [ACK] Seq=1781 Ack=497 Win=5344 Len=0221TCP Retransmission]172696 Len=01649=29470.01726927670=1147691974 TSecr=0 SACK_PERM11961148
10.42.0.13,51472.0,10.42.0.28,80.0,TCP,54,"51472 > 80 [ACK] Seq=515 Ack=104 Win=65535 Len=01.TCP Keep-Alive ACK]00479648 Len=01401627657 Ack=62762 Win=2299 Len=0 TCP PDU reassembled in 47275],600347 [TCP PD"
10.42.0.49,52432.0,10.42.0.13,50597.0,TCP,54,"52432 > 50597 [ACK] Seq=1781 Ack=497 Win=5344 Len=0221TCP Retransmission]172696 Len=011605641147344 [FIN, ACK]71277171742661727171211.04628614"
10.42.0.49,5353.0,10.42.0.13,5353.0,MDNS,174,"Standard query response 0x0000 TXT MSS210-9f39._hap._tcp.local, ""QU"" question TXT MSS210-9f39._hap._tcp.local, ""QU"" question TXT A 10.42.0.49 AAAA fe80::4ae1:e9ff:fe6e:9f39640, cache flush Meross_Smart_Plug.local, ""QU"" question TX"
10.42.0.13,50500.0,10.42.0.49,52432.0,TCP,54,"50500 > 52432 [ACK] Seq=496 Ack=1781 Win=65535 Len=0162TCP Retransmission] 62030 > 52432 [FIN, ACK] Seq=1781 Ack=497 Win=1726 Len=014914406471470=17264"
10.42.0.13,50752.0,10.42.0.49,52432.0,TCP,54,50752 > 52432 [ACK] Seq=496 Ack=1781 Win=65535 Len=0 16346883.0 Protocol: TCP Length: 54 Info: 52432 > 52432 [ACK] Seq=1781 Ack=497 Win=5344 Len=0 [TCP Retransmission]]]]
10.42.0.13,50761.0,10.42.0.49,52432.0,TCP,54,50761 > 52432 [ACK] Seq=496 Ack=1781 Win=65535 Len=01160 WS=64 TSval=2541037557 TSecr=0 SACK_PERM1160227458 TSecr=0 SACK_PERM TSecr=0 SACK_PERM 1346085167 TSec
10.42.0.49,52432.0,10.42.0.13,50529.0,TCP,54,52432 > 50529 [ACK] Seq=1 Ack=163 Win=5678 Len=01100 [TCP Retransmission]]1632192820 TSecr=172632 Ack=105400 Win=5840 Len=0181=1649665195 TSecr=0 SACK_PERM19
10.42.0.49,52432.0,10.42.0.13,50571.0,TCP,54,52432 > 50571 [ACK] Seq=1 Ack=163 Win=5678 Len=0163TCP Keep-Alive ACK]1251 Ack=2406 Win=5387 Len=0991196197240 TSecr=0 SACK_PERM19310.0 Protocol: TCP Length: 54 Info: 524
10.42.0.13,50762.0,10.42.0.49,52432.0,TCP,54,"50762 > 52432 [ACK] Seq=496 Ack=1344 Win=65535 Len=0216 [TCP Retransmission]], cache flush 203 Ack=496 Win=1344 Len=01728102947 TSecr=0 SACK_PERM1728165"
10.42.0.49,52432.0,10.42.0.13,61974.0,TCP,54,52432 > 61974 [ACK] Seq=1781 Ack=497 Win=5344 Len=0161964802 TSecr=0 SACK_PERM161110 Len=0 99.81.71.200 Destination Port: 443.0 Protocol: TCP Length: 54 Info: 61980 > 443 [ACK
10.42.0.49,52432.0,10.42.0.13,62479.0,TCP,54,"52432 > 62479 [ACK] Seq=1 Ack=163 Win=5678 Len=0221TCP Keep-Alive ACK] 52432 > 62479 [ACK] Seq=1781 Ack=496 Win=5345 Len=0251TCP PDU reassembled in 49850],54201960 Len=02"
10.42.0.49,52432.0,10.42.0.13,50551.0,HTTP,135,"HTTP/1.1 200 OK (application/pairing+tlv8), cache flush 10.42.0.132=1096 Info: Continuation) (application/pairing+tlv8), cache flush 10.42.0.49 AAAA, cache flush fe80::4ae1:e9ff:fe6e:9f39 NSEC, cache flush MSS210-9f39._hap._t"
10.42.0.13,50718.0,10.42.0.49,52432.0,TCP,54,50718 > 52432 [ACK] Seq=496 Ack=1781 Win=65535 Len=0 1726117935 TSecr=0 SACK_PERM172632 Meross_Smart_Plug.local TXT A 172.53.103.108 A 194.50.19.117207.105.
10.42.0.49,5353.0,10.42.0.13,5353.0,MDNS,174,"Standard query response 0x0000 TXT MSS210-9f39._hap._tcp.local, ""QU"" question TXT MSS210-9f39._hap._tcp.local, ""QU"" question TXT A 10.42.0.49 AAAA fe80::4ae1:e9ff:fe6e:9f39640 response  MSS210-9f39._hap._tcp"
10.42.0.49,52432.0,10.42.0.13,62831.0,HTTP,135,"HTTP/1.1 200 OK (application/pairing+tlv8))1728122820 HTTP/1.1 200 OK (application/pairing+tlv8), ovr) is at 50.205.57.38), ovr) is at 49.81.71.2001931091916 HTTP/1.1 (application/pairing+t"
10.42.0.49,5353.0,10.42.0.13,5353.0,MDNS,174,"Standard query response 0x0000 TXT MSS210-9f39._hap._tcp.local, ""QU"" question TXT MSS210-9f39._hap._tcp.local, ""QU"" question TXT A 10.42.0.49 AAAA fe80::4ae1:e9ff:fe6e:9f39640, cache flush Meross_Smart_Plug.local, ""QU"" question TX"
10.42.0.13,50519.0,10.42.0.49,52432.0,TCP,54,"50519 > 52432 [ACK] Seq=496 Ack=1781 Win=65535 Len=0162TCP Retransmission], cache flush 104.161.164.110 Destination Port: 123.0 Protocol: NTP Length: 90 Info: NTP Version 4, client49070 Len=011470247307"
10.42.0.49,52432.0,10.42.0.13,50701.0,TCP,54,52432 > 50701 [ACK] Seq=1 Ack=163 Win=5678 Len=0221TCP Keep-Alive ACK]116043 Ack=59695 Win=5840 Len=0440=1460=64 TSval=2559062250 TSecr=0 SACK_PERM1189 A
10.42.0.49,52432.0,10.42.0.13,50529.0,TCP,54,"52432 > 50529 [ACK] Seq=1 Ack=163 Win=5678 Len=0110 [TCP Retransmission],Alive ACK]120491 Ack=200020 Win=5345 Len=0111601140172620.16447047.124.66.6219"
